0
155003
413814
482562
226071
0
122461
0
116463
127728
0
0
0
0
165989
20538
0
84835
0
137671
129312
255517
198572
124180
32723
0
0
0
1110
42
0
0
197574
0
118037
46004
87058
373224
186170
0
0
0
105594
1617
0
1274
45036
118314
210054
0
12773
259975
0
317610
15300
0
0
222168
210934
227718
186578
320214
0
0
0
152846
215354
0
3757
0
0
331326
0
27999
0
113093
2745
135181
0
0
447486
0
1974
13753
0
79405
249456
147801
0
0
0
182074
47733
1330
0
0
294473
171283
0
0
0
0
18384
64217
526692
129664
0
233019
64144
0
0
151556
163514
94156
0
0
50676
0
0
0
139631
224691
84477
448788
29062
42178
0
0
173197
259921
65271
333985
0
0
0
400624
65490
17714
0
114479
0
50726
0
180861
71457
0
38225
1588
0
23305
36332
0
0
0
0
0
157839
265267
160203
204648
0
0
167399
236036
339228
96924
168072
11555
94978
119431
7899
162214
168296
154132
275546
23308
0
122142
2149
101336
173077
0
0
326
75131
251979
0
92156
125896
112257
72012
133336
0
106513
44
0
118307
123421
64652
125783
0
168214
0
79985
197515
134751
0
132169
525615
0
0
200502
447736
0
166115
0
0
420459
63999
487034
110832
503784
0
143812
0
24196
200063
289946
35282
429577
0
0
0
212697
34892
0
291064
0
0
188383
46747
0
96579
0
188384
74638
172627
310814
27094
0
0
441234
151185
156502
94506
0
543893
207969
0
0
194840
120021
565267
0
119586
0
132443
446721
0
533411
132739
0
0
110830
0
530698
216403
163677
347953
30
0
212328
0
0
39647
212151
0
0
0
45882
268805
105146
0
491664
169768
377961
0
0
186834
233857
0
0
0
167445
249217
376250
114615
72335
69482
0
0
407651
153188
0
0
10217
213165
0
0
431002
0
227477
0
0
237783
269
74435
352001
273882
85878
0
106604
228448
268108
483431
26109
0
0
37686
279088
0
7564
241085
635
189621
249485
266635
20515
90644
0
89854
0
0
182053
79785
936
0
0
0
157808
291052
55713
243021
9
0
2091
24923
184203
0
61588
214757
28803
253903
0
3239
218959
110092
80438
0
76227
90389
277866
169869
0
0
486855
42309
0
79778
474520
0
0
1775
131106
161316
158672
55653
416211
244034
0
0
0
0
0
0
1340
257128
507251
0
313154
0
377605
246828
0
0
306650
116110
136019
161157
361472
331682
14368
0
0
268444
149896
0
405712
331141
165105
3693
69459
399801
0
219117
223358
242486
0
154160
175130
106593
0
0
290567
0
0
0
0
0
116013
221563
531538
200640
0
143631
41164
191210
93300
0
0
0
3200
107108
227626
0
5050
0
0
393462
438
69009
0
0
77783
25862
358222
147798
0
52865
0
0
124047
336
61381
58
267911
489453
135598
38857
203024
0
0
0
82203
0
148415
247284
0
325031
213594
215480
0
0
0
264125
214669
193760
88220
107552
314429
0
230483
2577
0
0
186919
8416
153100
187621
0
14504
312501
0
59615
562531
190550
110809
3010
63850
124945
166967
82526
0
0
44740
37878
357044
159090
12111
0
156886
118571
0
0
23364
46051
0
204080
118292
0
279957
92361
108848
147682
128551
0
482719
10586
0
152677
245819
0
114834
0
1260
0
0
68731
2292
112139
217958
264612
276760
251368
1784
230902
10039
0
0
0
0
6930
5452
314520
357278
237
160002
611
289542
171651
0
110658
0
116248
0
90670
199292
0
273185
0
0
0
122
392004
0
235299
187646
294704
456739
469870
142213
0
0
132738
170945
120092
0
0
154703
222177
137061
1701
0
0
0
201310
555776
0
463
88147
171288
0
0
173440
63072
62213
512769
109289
75927
0
71504
242548
128464
0
2494
118429
99150
185880
0
0
0
0
410959
113143
246803
91318
0
0
105827
0
239067
0
50614
171474
0
0
3611
61003
467672
628656
157288
0
67798
188397
135447
263680
35569
0
0
186213
114429
527225
281
96549
0
150096
141297
392256
0
0
0
158396
30654
74155
0
466539
313649
63890
0
153157
131102
97693
204834
0
140009
153423
0
0
172122
217395
260745
65042
0
0
0
23942
157407
252167
0
0
112177
71597
143086
106438
88547
262661
444881
197383
271573
0
85163
212393
117099
0
0
221512
93929
534286
0
0
0
0
0
0
370228
300445
116212
0
152184
0
142118
261918
105812
97356
0
17024
36023
457893
0
255940
221336
1016
129140
51242
113891
374047
359920
201106
0
0
117617
0
349524
0
0
0
0
64609
107371
0
0
10144
31752
18
18653
0
165814
0
161863
110518
368597
415652
385402
129197
0
1476
0
212896
0
144464
0
8848
2129
198077
52991
102024
0
0
377073
67695
285390
0
146116
220013
336088
105215
0
0
25108
131632
19645
0
194045
175390
128870
0
152566
101743
205353
94138
271501
304671
290398
0
0
0
204362
155529
96422
246005
0
0
158292
346455
62202
331065
0
290897
229796
69344
124489
502587
91293
279741
237328
9
0
108301
188582
122764
0
192605
0
0
125334
78380
0
24210
0
172756
26916
228552
365032
338728
0
0
214307
0
196847
106472
175724
81818
0
44
1372
102514
391613
72969
234702
236933
0
284849
260829
137373
42597
343833
277433
228536
278405
137671
22622
12991
450203
526262
0
297387
61278
988
261073
0
0
225463
5
0
133819
168912
113117
346676
232
209296
461738
0
182994
133825
172590
199185
443927
91637
0
278814
306676
0
0
246593
0
92718
0
127695
0
0
65017
538448
178247
337
0
0
0
2136
350744
446074
282973
832
291067
0
144275
168816
46706
0
0
316
220663
622
317115
0
162480
175024
121207
0
60049
0
87471
0
254768
0
128525
129588
57428
162587
33167
680
0
127779
523811
190300
0
197425
155086
100936
200118
228659
107511
108061
261386
0
0
0
0
317445
0
248379
481822
0
0
313427
143182
0
79592
214807
125832
0
2061
0
11030
309795
389130
0
0
56248
250630
0
58380
0
142121
0
0
13192
154421
70
0
141143
265051
106230
217116
391959
0
77341
0
36678
0
0
3782
0
348983
9717
114930
20715
355563
75021
0
338615
0
0
274382
81866
48698
260106
90
0
0
0
250745
133217
161994
0
132520
331009
105492
0
0
0
0
0
287916
297730
193251
0
42270
24471
196844
70094
0
150335
262452
0
0
110608
0
29488
292826
134164
941
140181
0
0
0
36471
350235
219930
251157
0
0
0
338933
243391
343939
267137
0
0
141156
362964
372753
125558
0
90023
47829
12804
0
343
0
19071
49123
0
193449
0
76291
0
0
247657
115391
56958
547283
175124
0
0
0
2173
4695
100895
430581
0
390248
0
0
0
323893
0
0
94405
0
0
0
0
3584
0
487
0
0
0
64603
0
33265
0
197050
0
34314
0
0
0
79791
92562
481810
0
0
135187
90888
185196
106049
0
0
0
4510
159693
0
0
0
405196
100810
6
118440
0
70988
50221
212904
65577
284348
0
37197
0
0
85221
59598
160921
2417
41890
0
0
0
31202
0
0
292133
357801
258170
0
0
364436
176875
298558
0
219357
133
642
282487
0
0
0
83361
23678
224330
0
0
386376
102495
266699
0
0
2985
150868
321225
347
0
137574
72540
272605
157097
256258
0
0
666
86170
417978
0
369306
200206
29
152553
271419
0
0
0
211989
28751
137430
196428
294559
0
313337
135243
86201
50691
0
1225
66585
0
245253
180085
0
109696
74995
215920
88482
161449
0
0
235141
842
11951
0
0
169550
41954
139880
30762
592043
0
98036
0
120800
429972
249665
43868
205955
5078
7127
294736
294426
118040
100564
251370
174946
122459
23250
16273
238300
67949
182924
139959
329499
111526
0
0
0
0
0
1246
0
191672
0
114051
585089
137
0
276119
210704
118853
345005
0
0
409983
0
185532
209896
51037
0
0
264523
226467
0
327915
235146
0
35753
0
0
37780
119101
74964
0
218680
193178
87501
38640
154817
0
140388
0
7966
0
0
131362
209967
0
109109
0
0
0
281923
115189
275940
237407
0
286195
0
349523
18
136263
34533
174223
121940
0
0
454338
240626
212851
418026
102139
0
0
0
138307
812
0
279784
0
19199
49425
130721
376790
1542
0
0
344753
0
100395
319965
105299
8045
0
210
0
139816
71580
0
183956
33970
170903
0
70549
36530
0
0
227085
0
0
0
235487
54318
0
0
461697
358997
263141
0
0
36059
0
0
351098
0
0
0
0
235656
185694
0
63647
156967
201438
0
183202
122095
0
0
125769
0
0
88282
113853
0
63979
254159
286549
0
289702
87806
224870
5855
168413
132031
0
0
148382
0
195043
0
0
225130
0
474929
183263
442492
0
10671
0
28679
51241
128979
96013
386430
174588
25157
0
3799
0
0
152479
103232
0
193028
22216
0
262288
0
183177
121752
220802
0
274729
364547
343286
111111
0
0
0
58966
157311
0
0
138586
273693
0
0
65087
406049
472626
30719
175403
268745
0
0
0
52119
0
0
173080
268291
0
89224
142346
0
27831
116113
230026
119916
420577
0
0
328666
2500
261093
367520
0
0
0
271040
82402
42108
139084
114982
79037
170941
112891
249665
855
1793
0
0
107971
247171
191254
4310
125942
144182
0
381344
0
1381
47916
550928
0
30032
155498
337769
352549
0
0
0
0
0
155
301985
369
0
0
0
0
27332
0
0
100932
126096
0
0
134859
156266
169633
100644
38
0
207774
7504
0
12966
173429
110012
43178
0
0
0
111254
12495
57171
0
352019
0
200737
62682
76697
264662
0
0
0
0
1187
0
144898
0
68232
117482
243329
5459
184256
425998
202
200550
0
104788
0
0
486190
11
0
0
155409
113061
0
53870
0
0
316849
346441
231473
365177
68655
84060
143832
0
0
415157
32994
467391
1103
163009
100383
253023
311725
0
0
0
285686
0
0
0
106234
274032
91818
0
0
172975
0
5059
369016
0
44390
0
78027
0
0
102137
180055
0
394483
363604
0
143335
101664
0
77833
108816
19806
100647
119837
22928
107251
0
0
0
477516
0
68606
0
0
152928
183212
510373
0
299988
53
0
0
435082
0
208854
0
0
0
47682
43860
351742
334
125649
216741
144404
229086
0
159581
91634
161323
294432
0
0
112823
88311
148639
39511
88978
0
407154
0
13155
32413
139763
0
0
0
135774
298
340566
7781
80405
106719
0
4976
192961
0
0
0
20886
0
0
23
3951
32868
62689
0
0
175107
98135
0
0
284786
121424
0
111818
150862
10568
0
49131
0
2300
256056
224169
111333
0
609946
347636
278814
177112
510997
322984
185950
0
0
2025
396633
28600
50701
161365
170267
79733
470667
244801
84284
0
161961
94280
0
107511
57654
6
3796
0
51912
465250
275513
0
0
148756
99738
340635
204
366445
331215
269119
0
176435
0
90785
207069
155581
10804
94956
0
0
54965
44001
198600
89914
168235
0
348731
117008
0
0
59
78113
327697
193429
0
6623
284858
0
0
142013
44648
203764
56601
0
26400
102422
0
353828
37574
586
28519
110910
132653
0
51301
373160
349238
0
16687
141817
408180
99730
22406
0
91105
9916
105644
32514
160410
136002
0
0
135110
178341
0
0
167387
118537
97101
104117
0
228725
0
221603
0
455511
123750
403762
0
35430
221117
124343
0
1139
0
15140
422079
0
17829
38112
168522
0
214785
0
108983
86757
0
120222
0
0
101298
0
419897
0
397558
108778
20285
0
134346
99418
107975
146515
51763
0
0
0
0
248232
397811
15522
176049
0
0
0
290659
0
128956
0
0
128571
0
138328
155408
73517
127286
569232
433934
0
0
0
121627
0
34439
291900
0
0
0
35580
266875
410017
233678
36967
0
181572
0
59766
332268
167301
252498
356225
206994
107479
279518
55435
381759
0
279324
275069
105786
308729
175168
84315
0
399
276642
0
0
0
0
122874
53
0
134440
0
118291
430265
173913
195714
220697
58082
240099
0
0
126653
202672
55710
0
222545
67983
173903
587
0
50586
286109
175165
0
47461
570823
1188
0
0
564163
70669
427370
310588
0
102581
203180
7144
37532
140321
11735
88966
203706
54945
0
20943
330743
72637
232312
0
0
235208
0
168504
0
0
0
10647
30940
63471
0
212530
267174
452784
98611
304671
137041
160279
88493
2404
0
0
0
473037
120731
0
56817
421577
0
136061
334786
190824
0
558638
0
3505
0
139998
72579
0
0
105911
0
0
216445
184500
1577
0
0
178918
0
0
33704
0
106912
0
482547
179815
0
0
333096
0
1571
55135
0
0
139497
54729
37585
94008
135893
5149
11325
301639
269293
0
0
0
80628
44839
2384
0
88143
0
213931
0
184467
0
11556
214711
566462
0
273954
202481
169083
0
41004
0
120000
144986
48489
92177
58876
153639
0
42219
0
305308
291900
258271
10125
835
0
0
0
108087
0
3579
84609
56156
114254
300207
106175
0
4503
0
98340
0
75662
401938
46898
543909
536529
57451
0
0
122506
0
58692
442321
531973
6623
0
389130
86159
390
0
123288
60662
442827
0
0
514724
96371
0
232258
0
202981
0
0
105476
360785
64361
210859
0
968
216245
313306
0
0
132978
103813
127236
0
0
0
0
0
319771
1913
459339
133990
114325
68552
597563
266382
0
0
215391
156330
95097
0
0
190243
61937
0
219894
15475
230382
208080
0
172234
0
245753
0
0
27209
128358
59814
0
9
0
220231
242674
92368
34325
154824
185466
0
0
0
0
150340
192884
81361
0
0
168602
2774
46646
124855
127031
67466
151232
124386
0
0
0
0
0
171272
968
0
157958
275897
142976
0
0
63572
0
324588
120634
281568
0
390640
255857
126149
0
0
0
0
253548
0
4754
9238
70356
266417
0
0
4949
21595
0
158232
0
0
0
267988
187148
280528
118604
157452
0
141068
161056
502417
247763
0
298386
41657
0
430328
84912
0
541458
214812
0
0
239272
0
0
0
265955
0
214790
135707
39740
483161
0
0
151465
144746
84413
58148
0
369474
0
0
106421
0
16100
87081
0
108656
304366
248033
203145
179058
252214
0
0
0
0
39443
0
258963
193493
403738
0
14074
0
226381
264168
44615
0
0
0
0
0
398659
469088
247245
0
0
71685
159189
0
0
0
84266
168010
130093
99842
0
81224
0
47159
429121
623093
0
13110
312888
25445
2327
210443
0
0
228741
0
0
0
2391
2992
0
147469
136701
173182
0
0
0
0
0
0
132757
0
86474
190455
450421
397233
52140
60712
0
121209
171505
98267
0
0
0
5090
218584
290898
0
0
97556
0
0
0
99406
0
0
44252
0
61958
141576
137062
388732
244912
0
12012
388226
3213
378379
99928
2140
0
167816
272787
147817
0
328233
48134
95225
57019
0
228
0
521
305226
18
123445
43956
301925
512250
110981
0
0
155403
0
0
44655
146420
264964
308371
176228
0
0
0
27747
156249
7086
350
168762
0
13908
0
378025
315720
61931
167008
1078
432170
13946
0
198684
133883
116494
620797
146785
108611
250001
0
0
414
59053
399088
878
0
220989
356852
36572
90206
8845
211
73150
0
14817
4
0
94
118623
81934
0
0
0
32515
173572
0
29927
258677
0
0
121265
88831
0
420369
0
236059
31176
182797
508901
5052
0
304909
276460
117942
105099
465377
0
130185
155341
156511
133632
0
176042
36447
0
449590
180990
264918
386658
84990
0
105150
0
116618
0
155781
89080
57070
145433
65192
0
193980
267623
6790
98972
111749
0
0
368810
0
0
207112
0
154272
0
0
221824
0
8852
336781
259855
1457
169945
137082
2307
0
0
0
179321
147728
0
0
0
0
138314
95509
0
0
56860
0
185731
161396
0
174645
99673
0
109995
365306
0
0
0
228283
0
204215
188950
113521
0
30995
17
0
0
0
0
0
443621
0
0
0
0
8776
0
0
0
0
459477
0
0
0
349606
61541
0
31366
13202
93127
0
70148
288521
64593
0
6
233732
43838
0
0
259775
68279
250125
0
300555
133976
0
0
317861
5163
0
39541
0
0
129907
9715
15
0
0
0
258861
43366
152234
0
163469
0
175423
246565
117801
0
214460
0
238520
439084
416087
0
150628
0
166992
0
0
404738
364720
0
0
0
114753
0
218753
0
38803
49788
0
311296
148292
0
0
0
85193
0
156321
315805
148770
1001
84633
330130
20598
166407
116494
275074
29805
285905
337734
0
0
0
26146
249950
146773
4071
0
0
103306
126891
370239
261569
0
125347
0
0
24424
125033
220323
153832
6054
164793
378858
0
3216
0
215792
147048
24
0
28211
0
347277
114301
0
313190
0
21970
100773
26044
0
384843
53386
2761
77714
0
128920
225515
129425
0
214332
488570
612457
246091
361652
229557
0
315143
192087
307378
205761
0
147690
0
0
216768
51137
131598
0
0
0
64914
0
241827
0
0
203611
220302
182760
2753
632
201271
37452
283194
46848
0
0
1475
0
78591
0
181188
48882
123726
747
0
0
204507
287167
93407
151715
353120
221804
1815
64756
162369
208974
808
108537
0
147244
290081
49519
0
331088
354891
225627
0
0
0
223830
0
114145
287790
236957
154213
356421
210261
0
0
265793
287469
550
180480
336502
125008
90853
166075
173150
98816
1301
141978
0
128647
2378
84031
48289
20466
223531
311263
213357
24173
198385
0
0
77549
115829
174416
128987
128
63021
80552
124398
180146
355121
0
214755
124767
165408
33849
323630
184912
347492
0
5190
1
0
0
148325
123949
273742
200346
327740
254991
0
0
0
0
0
0
45358
0
28350
134089
258639
213236
0
0
0
329926
0
21124
154900
71773
436367
87520
224729
0
0
149100
109111
0
0
0
262469
0
67515
0
106531
0
0
627096
0
32725
0
85758
580221
0
44205
179750
0
362222
348819
0
4
284829
0
121250
4771
246555
60669
0
0
0
0
25348
546508
98952
0
99356
30970
107656
127917
30621
0
51857
315494
215813
0
260168
128580
0
6682
116312
215303
0
0
0
169328
62204
276757
0
150086
121963
148818
51491
287125
0
2641
0
132554
0
0
153547
135753
0
0
0
0
193508
0
0
300870
303740
179376
462352
31356
0
89480
37207
165196
0
42527
0
250710
145549
0
401743
486972
67140
0
90466
493620
0
0
233345
338856
167729
187209
243648
0
203862
273081
0
33034
220622
124354
552798
0
95533
33974
0
0
96031
56385
381800
0
110545
0
0
144328
78316
76562
0
50730
28
70712
212029
66378
76478
0
159136
32908
135397
94762
0
59
149494
0
0
331419
236500
0
0
0
0
0
20842
0
0
66624
53837
100770
11744
78713
0
0
343583
103164
32774
98144
57728
0
0
0
138920
0
202506
163393
12790
77296
341426
247692
237483
2228
253146
4580
0
197419
281339
0
79045
2839
95498
242522
0
77352
244502
179969
0
0
3293
165122
56819
0
222229
0
102780
163724
0
156
122744
0
262426
0
203851
185945
257225
291986
45501
0
0
0
0
357800
0
0
175472
24304
0
31436
235035
350936
164225
388143
125524
0
104634
179666
0
316221
0
173529
171112
88568
0
0
0
0
0
0
0
89115
47337
0
3834
175481
0
0
488089
114238
85187
23489
0
0
0
183318
338408
0
154803
282696
264990
0
0
0
41112
17571
0
0
118197
16721
0
263291
429595
363942
256321
178283
0
0
14333
0
153159
217842
333426
26121
0
0
0
103938
0
0
202330
0
0
0
0
0
386844
162391
80783
50177
0
0
92114
94739
60333
297207
152669
0
0
121726
223073
486955
107108
216554
473
0
3486
191373
0
192822
0
0
0
94286
184197
0
203959
158686
0
189784
0
112452
0
516331
0
0
0
117665
0
226173
212541
229785
49651
0
304222
57481
56645
422102
321590
57458
236100
352308
0
0
131262
31197
0
0
0
66045
0
0
84384
0
0
1947
0
4
0
4449
107719
0
88706
0
195721
0
41256
133218
400545
0
103590
81609
220092
0
4522
0
0
11900
83572
0
0
0
0
0
0
81666
8169
0
21908
1103
102268
0
208412
331163
0
182809
0
0
261818
116077
0
0
198855
114
129676
119648
166659
0
0
0
130289
290133
250479
88820
205894
0
200179
0
0
0
0
172492
0
183390
69825
190446
214948
342981
18401
0
123961
76607
48468
287092
0
396359
172832
0
0
33
90412
0
380082
0
0
347378
309379
64783
0
369562
86712
281202
314217
0
73102
0
0
100776
121523
209577
0
0
74794
0
341018
337014
9
0
175256
242806
0
45553
148527
340782
308437
250760
450491
124079
0
7595
13165
390583
263289
107745
58020
83076
160131
0
0
71899
1375
0
95409
266152
8543
0
3726
0
189386
0
69345
0
235457
25489
972
7
0
148984
31934
307195
57350
505444
0
336801
332223
0
3327
2677
271901
67527
0
0
0
0
0
22377
306892
101552
391685
194822
67527
343345
0
380386
175059
264169
133678
30461
391018
0
0
55209
0
120343
0
362679
15468
190745
211576
422551
55993
0
129967
150199
262106
330905
38551
53751
211513
164763
0
244397
7968
518054
123706
0
0
99099
370967
479113
276803
218982
0
0
225257
282363
0
287372
270900
0
88496
162230
0
1082
265946
161768
0
153901
280162
0
0
276533
159533
85217
90516
174683
370910
0
2
95485
30708
264395
23625
0
0
0
210760
112951
86323
280290
543708
0
0
0
17857
0
392650
64042
403405
187285
0
198453
0
0
253184
247
18598
396341
131954
67887
0
239834
0
0
52723
209646
0
41795
0
0
0
0
238430
0
0
126969
53350
0
179849
68865
183234
59052
429348
240590
31717
384830
0
0
158391
292966
0
0
0
556782
295092
455290
1338
282679
0
280924
221608
5542
412644
132651
218727
0
0
157318
533149
47976
0
0
0
145510
0
0
1900
0
140432
176859
515278
0
267753
421207
63701
161619
82098
97494
6107
168528
793
65490
385390
54098
235
122480
65010
214755
199922
1302
8177
225186
0
73845
335356
77975
467640
219016
44919
306934
0
233784
474458
0
82822
113973
0
208
0
0
262029
523626
1372
0
0
268255
538071
83552
360157
0
0
251387
103280
530993
0
101018
44037
405744
134543
75298
169312
96571
267694
368377
0
0
0
313568
338348
50581
115186
386947
0
265032
191265
0
27268
4095
41510
0
246637
0
310353
59025
0
0
341575
468660
179173
131440
118323
240456
103515
374443
46
2979
0
177185
496827
113284
0
338886
301878
0
180839
0
0
73835
67086
54289
0
183886
54381
291994
347681
0
39710
96781
230715
187238
342632
460686
228243
0
81597
531349
702
0
0
4693
113671
0
0
91843
479195
0
0
4031
460
21274
0
0
111996
0
0
149277
30429
0
302394
449908
0
0
0
0
0
377047
359935
0
74477
309361
0
0
0
357189
0
0
2822
105609
354759
280987
130025
0
293053
458963
116068
0
310864
516783
295179
111258
0
88373
257566
70343
16106
0
0
0
126691
69086
240996
632238
0
72982
74531
641
173354
0
105365
0
25
23217
269105
254774
179433
129458
159634
0
0
11465
123473
0
195843
265419
0
0
461007
37903
1188
0
64662
351629
0
14461
0
59366
54723
21821
1018
0
0
0
85257
0
238479
68063
70400
105550
196586
0
155337
0
512391
56704
0
0
0
394852
0
2064
7434
118411
118423
0
0
188839
0
0
131517
329684
0
459539
110367
47102
97080
0
162237
297600
171677
0
290014
129833
115027
294172
0
37935
180032
205990
139030
0
0
0
3032
0
486137
0
86960
238222
0
227488
241559
43047
0
0
0
0
142293
482875
0
191912
0
105500
0
0
161969
0
0
29386
144517
282099
0
131695
220876
0
0
0
246347
134200
143213
189240
46355
127488
260816
0
3701
0
44393
0
319590
174065
110881
0
63728
239150
0
108339
168493
148513
406121
5870
0
2189
0
278413
0
29774
0
203165
196536
0
214939
0
0
160484
0
0
0
0
0
0
288828
0
0
0
0
0
37702
447634
149684
401438
0
0
355494
268291
245665
119807
253166
409427
65611
0
111
0
163986
0
0
22820
296512
0
4288
0
99227
96007
178585
182161
0
0
509321
59151
1487
323370
186921
0
388318
0
456681
0
0
95161
214090
0
335299
264565
294809
731
0
68737
88917
371876
0
0
57445
0
3372
0
0
0
45230
200446
0
0
0
1355
157423
0
0
0
152171
247483
347237
0
445296
0
163892
0
91104
1885
0
344669
191812
0
202907
297697
275565
0
324299
115019
542528
0
1703
0
0
222027
446381
0
61474
313733
24699
91962
0
0
300077
415641
0
0
353104
117761
0
360422
481162
206255
0
0
107229
165240
106014
0
0
62722
237461
0
0
0
0
0
415029
0
21772
0
256334
128538
64099
144186
231272
0
0
5565
1986
0
13934
304710
279290
0
0
0
153124
0
13805
0
145417
162261
0
0
97314
425716
0
122602
252169
0
10018
63878
29730
70783
353482
30834
0
181247
381318
2460
293843
50288
94611
40117
459448
0
0
116335
242865
0
0
401331
564117
0
1428
0
0
0
0
32466
0
0
0
417943
107349
0
315563
110771
99413
0
67645
280637
0
0
0
0
128308
0
0
0
95647
0
0
0
105006
0
54469
592280
308490
123801
146433
149737
0
543371
376989
179727
1538
0
0
0
515759
0
0
0
278
153925
24880
119251
228454
269924
0
136122
154026
183779
294606
0
19719
135493
0
238427
102229
234865
167641
118543
0
253592
67320
0
0
129640
0
0
185569
0
2350
0
0
116800
170520
74972
0
489038
251738
287324
0
0
0
532267
105680
0
0
430544
109172
248032
0
0
9310
253569
0
91082
122694
106799
231825
349323
116191
94410
43513
0
0
0
0
286577
298215
0
34
235037
278814
323215
147926
44269
28
7289
52251
221785
351845
343793
0
0
223341
0
197449
51175
44639
331835
180063
0
0
208342
0
23
0
71210
452255
179630
170204
31752
299633
0
30079
134182
0
0
0
0
87761
845
0
141391
35067
0
153237
503231
0
0
153210
263435
99312
115484
63218
314463
0
0
308007
0
277168
145789
115200
0
0
130664
39909
0
72735
0
405
7191
0
0
2056
262670
259521
0
325712
172221
0
241228
27180
182441
0
0
0
168298
262851
122308
107379
6618
225366
447858
0
0
1730
0
161647
0
0
258836
196215
242660
0
0
392243
462250
230801
3047
0
3317
127268
0
253
53554
0
135322
0
0
258941
3930
0
0
35249
270937
185611
122004
0
0
327972
48835
0
0
162087
59057
6747
0
0
8125
0
0
0
142821
0
94729
84785
0
86
199894
195589
234030
210047
244967
0
27694
0
381905
0
4562
257202
264156
0
158152
23880
0
67801
0
4453
489937
143797
22990
0
0
110575
0
0
0
141665
104204
0
121525
184406
821
4742
359841
276264
0
0
119984
0
0
0
0
0
0
323262
92637
38647
0
117798
451317
0
82470
170957
88042
0
161000
333017
204428
0
455849
66413
354533
0
461872
308929
130180
424695
155883
0
0
359635
409297
238314
146113
134132
428743
309760
41242
117154
55102
0
735
46773
0
146319
0
83421
0
146038
136603
205049
0
144369
0
107095
136286
0
0
0
2499
184544
0
0
0
0
63099
76466
0
122316
456580
224540
339829
0
0
0
142699
186335
11638
167382
13617
342215
0
267976
104563
160272
259655
0
125603
181502
89115
0
5576
96097
0
0
0
136467
0
151364
0
115505
0
21559
62739
130752
175322
0
165793
180971
26
0
0
143854
0
515608
178266
177003
0
313429
251642
45915
0
323948
285334
210768
0
14319
1683
694
203939
93257
478621
75617
167129
14628
89602
51779
565278
288733
154094
0
0
274943
29440
18798
67472
382024
0
143961
0
113
0
99812
108339
53889
129978
27331
230025
0
0
182782
212092
203688
42692
306203
275449
93269
174003
181275
70062
0
271089
409326
0
42205
232574
73716
595667
171836
0
64673
43170
142144
0
212149
0
105116
0
15750
140297
376817
123
109175
176548
0
0
134352
0
0
76333
255607
0
0
246498
258961
285456
0
71104
0
109554
0
0
296614
438
0
1206
142150
0
188069
205320
0
125909
0
71314
96850
408750
335193
133972
18117
128916
214499
392547
0
0
26545
106084
0
0
115381
42984
252645
425609
0
0
30287
167750
0
0
126514
0
119843
325565
0
0
57112
409258
0
2481
103733
319006
13962
236003
106585
298340
3850
130221
191860
0
0
0
153101
0
0
78584
172398
184430
145422
157488
303688
477424
163477
83015
0
0
544081
86670
443593
103428
0
0
100132
210261
0
0
300978
177202
0
0
209077
382035
0
103463
154493
72990
161256
29569
355499
48408
287248
268009
0
0
0
0
0
0
79707
16
0
170876
245814
0
0
170113
0
0
142611
121121
143621
64766
46106
2548
0
0
0
0
69842
8742
281329
7904
60516
115718
0
0
0
0
240371
232593
0
150979
0
353358
0
16901
341286
0
371632
0
0
173266
0
238789
56963
127773
4537
0
0
166062
37251
1345
0
265620
208218
444825
0
154659
0
119284
124675
169401
162989
197339
129
126292
17248
247635
83681
150
332318
255863
0
258894
0
64866
10636
0
223381
379709
129381
189225
72671
0
202647
154533
297885
0
121127
195884
0
286229
13377
237579
0
206998
242905
227197
7681
153774
0
0
183621
244687
13639
237853
935
225619
275485
225852
272542
0
0
0
568
72787
246039
207714
438028
2193
199537
15693
61854
248265
271836
312543
199684
316989
5466
0
165012
91325
294416
319845
3304
0
202595
122530
500647
206274
92289
138595
267735
291982
494721
363074
223370
0
0
0
55035
212526
0
209187
373920
259948
0
0
1697
298595
96493
68642
0
0
260664
310936
0
0
0
182928
146050
261
0
0
256507
93681
228838
534149
358602
0
247981
113296
0
107697
34511
0
0
0
154431
20273
0
164602
0
0
58294
315202
0
303569
211855
0
0
84851
0
220125
602750
139580
135599
0
0
372500
0
0
0
0
0
90611
147018
19624
138950
0
0
0
235169
214504
113656
0
0
0
51095
178994
149096
0
33358
0
0
274468
121881
325120
250631
0
140250
244234
155504
0
542009
94866
213647
137609
0
0
0
82985
0
1916
0
115997
125341
74540
143591
43188
0
0
0
177714
78086
267868
157021
0
88641
0
311458
100296
0
0
159
0
28150
177317
0
0
0
0
0
0
0
0
0
199001
61966
561045
0
0
0
260524
192454
212
457636
27584
0
162711
196888
228555
0
0
0
340089
150326
359253
259272
0
0
0
462942
0
210795
157665
334211
133156
50774
604293
138470
0
0
1104
113782
598832
191750
163887
0
0
0
525682
404502
425380
181985
87713
182352
233490
407216
69892
247334
50
0
95558
318527
278209
0
0
68814
324332
238456
0
156042
0
0
0
7562
409
163766
188239
215273
697
0
0
317150
90785
0
0
159288
330464
240653
228550
373829
385651
0
119067
13125
98575
124515
87024
176517
0
270622
185547
0
0
0
0
240263
34370
47806
0
0
157033
226841
158362
254714
262773
0
236466
223605
2235
0
0
269996
90303
0
0
0
519871
0
149947
185955
178260
42663
0
511166
532787
89
0
135251
282863
46402
0
350
0
0
375
116455
427348
120940
0
0
137488
120794
0
0
6458
0
612968
288028
353287
0
0
0
128695
0
192818
136981
0
221896
321518
54101
206268
34
0
179782
165635
198418
0
71766
270558
0
0
0
173253
26136
0
211822
0
170638
136001
0
168994
245562
120466
0
346236
0
0
66373
0
204222
0
81048
0
0
0
132604
64480
290631
0
0
537
248373
13188
0
0
0
0
0
15842
0
138264
386190
155934
63054
87
192081
162137
272538
148167
0
0
0
53095
98875
0
166707
108008
0
141530
48310
0
7978
0
60859
0
23725
224610
226939
88844
256704
0
312418
52222
244421
478827
178690
0
0
187956
138305
0
0
117893
453055
322219
0
153342
417189
431060
0
299588
299207
206842
63659
0
198855
61238
135741
55320
0
107958
54960
0
0
127200
197769
0
303222
201569
126965
292971
95541
189723
0
415482
0
0
0
195349
196322
0
0
117008
23863
0
189917
204910
79560
162110
0
72434
103087
83967
0
243463
0
0
0
0
389992
76088
0
0
197623
322029
0
1729
0
12649
0
0
335
27788
74689
101506
0
210211
0
0
21696
31341
0
0
0
0
0
175947
0
81576
0
98611
0
217259
0
179124
143930
22640
311084
45289
75540
0
0
144644
0
334564
208576
219345
48887
195247
0
0
0
68975
0
431047
15909
253654
83843
183651
213297
255924
91105
177021
0
253071
301183
0
48930
322473
180460
107205
126029
234594
134060
0
272683
40420
0
7540
0
0
452148
20892
127087
467590
139659
0
403
0
85299
45145
290506
373346
375548
80876
0
180043
340356
35358
183396
0
127867
368358
101796
355901
11860
381083
0
483817
0
5093
0
0
95996
0
0
45219
0
10760
106950
0
9846
0
111855
202
121172
190274
0
198410
13082
212365
0
0
97136
0
9622
7681
0
0
105016
110011
3370
0
251035
13995
4
0
0
114461
144947
0
109354
78791
0
0
0
61870
69421
0
5697
204701
215197
384660
0
0
0
223969
0
0
0
253748
445225
500554
354593
0
0
14055
25613
1755
0
0
304303
0
356297
461573
0
1577
0
217910
177825
0
0
185771
0
0
0
0
141559
339965
65018
109616
0
127449
250367
197506
32270
0
0
0
0
0
303144
0
1518
40972
0
0
219986
300656
216855
0
0
0
202596
263782
200596
328925
0
107482
0
92557
211222
115579
341598
0
44070
0
0
75334
0
240992
94261
0
0
0
101316
156540
86414
0
0
0
0
54250
207092
102007
199721
142745
220751
0
113847
0
380
116743
241450
180871
388147
0
162301
5042
337568
0
129305
0
0
366378
0
130963
0
0
0
0
0
109075
159195
109409
0
178691
40015
78952
0
177981
6656
359965
389665
0
468848
373673
481272
483741
0
7094
0
115381
36831
0
88308
101494
0
0
83
63428
1093
75689
17202
363629
113523
183098
0
0
94925
496418
132571
0
0
278814
17749
52185
150049
2394
0
224486
0
223019
0
0
0
95587
523385
141167
6897
254104
94077
200375
0
33164
1540
71676
0
199998
22213
165293
0
0
0
53468
67128
335256
224069
0
0
60430
279815
134905
0
496039
168198
298979
207
37921
0
229692
0
3080
4969
0
166154
177157
55793
89738
626299
199245
186944
49975
479945
21156
419380
243224
0
383898
514707
321645
0
79400
88897
92565
347596
0
1170
217
0
365787
3865
221812
0
146459
0
1655
0
0
226801
0
176
53595
235148
142525
0
0
158845
0
261597
277022
124355
153739
137239
0
106922
33391
43865
30867
97981
0
0
0
0
232016
174676
347577
0
0
19419
289931
198750
20575
313501
0
70273
14331
0
200639
241288
50091
558676
589411
178764
339567
2042
444542
164401
239320
79938
34
72312
85349
0
0
341619
220071
0
97705
253591
2538
0
204030
3335
15796
129524
0
0
0
0
352993
210092
0
0
5566
133263
9316
0
0
368540
12692
158983
0
256716
0
116229
363108
0
65673
0
0
81229
90334
392300
23530
0
89753
0
148283
0
120820
45968
0
264167
308981
0
306332
224874
534731
0
0
132480
0
132446
210985
314784
219078
275812
427125
306
298752
0
181510
0
0
145647
278947
22883
163232
0
0
1134
160
0
198105
99274
138167
37
0
0
33480
94136
0
185602
0
56946
102588
0
219578
48
79110
189325
0
0
81197
77052
20065
312772
0
69164
0
96243
407589
197632
0
105155
83936
300913
0
0
364853
177996
0
0
138078
0
0
188284
422556
1591
0
0
178212
0
0
277141
72436
0
24730
0
361469
0
424004
2138
0
0
459720
404583
375244
0
0
0
0
233784
177693
0
0
0
0
0
386894
117144
0
0
160647
0
0
115385
111757
188579
0
0
0
0
0
221578
291
0
93254
0
371847
135638
0
208138
0
328128
178312
197758
0
66707
413197
0
0
0
0
238815
188322
0
0
0
0
146269
104634
0
0
2616
80008
0
213572
0
0
242836
552174
142790
0
6593
153195
127834
131821
420251
134201
196187
195499
178779
134115
105703
461347
131083
0
0
1648
4209
0
0
22165
0
0
136733
0
0
211234
0
54153
0
346694
59079
0
0
312062
297753
0
0
0
125593
622854
43941
0
400273
50
0
0
155157
30715
169459
153171
0
0
148092
46800
86852
160148
0
47625
211275
27908
0
6157
14978
0
0
92562
163245
500096
120007
105486
0
0
103748
38416
545344
169244
380295
166321
83157
114164
249047
0
0
72050
21939
113009
2073
14031
0
388242
0
258436
233413
0
0
217607
107019
299014
3073
44938
195442
0
0
0
0
0
252571
192064
88089
258048
0
229918
0
0
0
132683
0
469277
195
0
102103
147182
0
0
240855
0
72493
40534
495642
0
0
0
0
102984
119094
349501
257468
140403
0
178810
474656
392506
160833
0
111
150596
0
430976
492728
0
218779
262165
334560
0
118760
0
251371
364880
57331
0
18194
0
16573
228556
203791
241058
147344
63
24101
0
0
348926
107567
83111
436516
0
0
0
122615
463029
2
0
0
0
0
24871
188426
0
0
165786
118
0
0
0
361124
97856
449912
0
332184
0
235101
226151
88829
0
225866
527841
44860
346974
0
231914
87629
0
0
0
0
103
445331
42474
61067
22662
91
0
0
144362
0
0
0
0
0
442537
272479
60617
105649
368856
86987
211319
280437
0
0
43309
379580
182291
0
219267
204842
432584
282296
0
82587
101287
393447
169241
276856
21034
427709
0
353373
1096
302698
168858
0
159694
545662
0
20325
0
30665
120720
0
207365
1518
134209
0
146655
0
192295
0
0
142138
271029
112529
0
219854
0
101436
58747
176639
212548
168053
198183
0
170448
123913
539592
316023
0
0
854
0
163654
0
285329
0
257031
122887
35804
435064
259892
143112
0
41791
0
0
8755
39697
179814
0
0
3597
143122
0
191985
104149
239093
0
151736
307477
0
0
0
35039
2126
188101
197976
60997
104591
90263
386928
0
0
40796
166138
157159
0
284662
461429
76915
0
0
127800
0
59290
300898
282497
3342
0
206341
122194
65477
77037
57553
0
215583
234513
355163
0
100603
86403
0
117901
3850
255719
117351
190059
0
368679
379764
0
0
0
0
157881
188020
322736
38579
97228
382328
120042
52
20487
76640
0
0
0
0
306392
106796
190199
175117
0
146417
59928
0
14385
282947
295943
304003
0
64018
0
244525
471193
0
0
0
195707
79744
0
197729
184375
0
42330
248173
166072
265950
275923
1490
198268
109275
113032
0
106685
0
189150
188905
145017
0
0
299205
2448
294973
51373
254838
488297
0
311718
475188
0
40156
1260
0
244892
0
0
0
0
289219
116253
0
277228
234038
318523
0
0
0
0
246001
87333
381319
143613
286972
153112
138079
624086
124396
226485
0
282253
80810
268608
0
185053
36605
0
307219
0
109706
62163
0
396545
213678
1265
0
0
0
333390
13413
92443
0
0
0
149984
130957
126790
0
0
3613
37009
59881
542
0
0
31
10724
122607
0
217190
0
193918
257879
2742
67278
509639
141046
0
165529
0
298613
0
0
0
121453
564626
288640
265370
227159
189649
0
519106
0
0
0
129566
618782
0
261187
0
0
0
94
204070
218324
105584
30434
0
0
50562
44594
321677
131081
426531
343961
0
0
281694
464535
232549
149601
512622
110111
162333
106140
230371
307638
407541
183549
140910
0
0
0
1368
168856
468201
0
0
43454
112637
0
0
3224
15140
361207
0
124987
0
15204
336920
118040
0
0
0
410884
141755
222372
0
0
0
0
0
122585
0
0
181233
236894
2090
158539
152098
0
408360
105
43843
37573
0
245836
0
279747
188314
0
138978
391788
0
0
0
72213
694
265136
0
364838
23685
0
105380
251446
221563
0
109748
0
255380
254541
192823
3258
93184
785
0
135721
18
277484
80843
0
130985
0
217794
169901
0
1779
0
330176
113619
2892
148823
222695
52
49509
226384
292437
0
13619
0
384887
375816
203027
66783
352648
168423
107448
0
29824
363438
245505
0
0
0
40113
263041
0
151164
118979
0
399159
221448
319306
299176
0
160669
316965
0
0
257535
0
45976
187129
0
0
396354
221498
165930
0
0
0
64848
55439
193065
0
124881
0
0
0
434726
5264
205188
186855
333100
0
0
99501
0
437793
0
0
140558
190936
150097
0
58426
428610
0
0
0
0
275225
0
212622
586500
53623
2000
229
0
105237
402133
157477
0
21598
98774
69446
0
121572
21034
447174
190536
304767
183132
0
166528
46754
38346
192177
0
123108
165800
127382
0
0
213607
0
121687
136273
0
656394
153167
84747
39868
36349
37471
231260
0
0
2500
57954
387718
0
0
0
49124
26827
0
0
0
247387
39504
0
1115
0
0
130430
0
0
0
90042
202138
11482
139422
260576
183446
36049
0
65890
285466
258034
94715
0
0
0
0
92528
138039
261424
534556
126575
525
369402
94700
817
17032
372122
103794
410741
1476
0
65043
0
0
88351
520841
0
0
0
0
195881
138927
164928
0
0
166504
99918
168483
88471
240000
0
30910
129682
172203
0
0
159150
0
0
0
0
0
170638
0
45155
136546
195694
0
136254
548597
264794
0
28428
236347
0
245785
248616
349014
123056
0
0
0
277711
0
0
217587
130988
179433
151825
147377
0
0
148377
109084
236808
112456
94240
200482
0
0
0
457729
95119
0
0
0
1642
0
0
286439
81820
142858
493861
128810
251935
22786
0
614055
0
0
0
339743
0
0
6956
205455
237540
0
185
235913
107501
0
341
67632
140623
294031
0
0
0
266374
0
137600
250969
18926
0
0
439204
151566
0
112593
36625
474727
0
179652
0
96370
277967
133382
0
128355
348536
106987
289788
378875
109083
0
367557
210809
336232
0
131148
94147
247364
0
34017
0
0
309601
305806
0
198523
0
0
68356
436318
165617
67146
0
231782
8856
78809
86183
66989
0
347
0
218676
100337
255628
222932
743
0
0
0
0
253336
300679
278813
7178
238746
231024
282534
52693
8345
59152
58051
0
166494
259430
185426
160921
340752
78832
0
0
122797
134139
0
0
146355
109752
248132
251734
0
38797
235121
126376
17205
422117
88584
223839
111864
216181
231514
1588
0
0
239718
394231
0
0
0
134289
59417
261887
528484
153680
270947
89101
338296
0
0
9988
124377
44796
69290
0
0
224027
338351
96632
1933
0
19481
0
133107
0
54823
93476
0
156208
0
185325
289002
362133
0
0
163318
19583
259965
0
201969
0
415337
28710
222860
127938
361795
0
450210
143203
5168
62694
309075
0
6403
68666
138212
143026
0
0
160816
193210
77827
28571
34875
373430
96525
250496
0
436063
185806
0
182736
225375
331419
158426
0
0
312382
0
303097
34121
106224
116428
0
0
537508
0
222043
254941
1577
0
175709
47779
227313
9716
0
0
103121
0
136974
0
0
80353
0
107611
190169
0
116372
538107
0
174726
0
0
85456
240348
0
0
241117
81818
168173
88302
124958
90931
239604
27524
64341
0
111090
174460
354233
102805
0
0
0
0
0
191038
268026
3041
0
21122
0
246860
0
74968
415320
83723
176384
77812
0
0
638445
0
96675
0
0
0
434915
38902
167654
0
0
0
0
0
414
50310
123478
125719
0
0
180993
322953
176264
520
21181
129024
260949
0
0
120231
0
139755
103660
28445
96565
3339
346881
281021
0
0
0
117510
281072
7217
214947
254464
264558
0
26245
0
340308
106366
220532
219755
207355
94535
185434
492
4766
3549
0
186088
0
2282
0
145609
270880
0
0
0
192580
204439
71522
57887
0
0
207143
0
202421
114168
336534
20211
4751
220074
118939
186580
586614
106234
8177
518152
211339
107645
308773
0
0
15218
46196
30183
168882
239115
0
37226
32342
97635
0
327732
354274
126387
0
396260
110723
0
0
319891
0
104570
70
260294
83903
63877
45700
421671
465511
265821
136539
64050
285124
3225
427084
46007
128621
0
383434
61877
150004
0
6159
0
0
406520
140293
0
436664
0
154899
0
0
0
0
196586
249860
0
3870
0
0
0
94239
2173
0
140874
203221
0
0
385475
0
0
327
128733
179921
402177
249549
561820
118300
79370
65547
361719
39838
220955
109835
0
474762
0
217435
1800
128774
86893
190482
0
142996
185197
0
0
124951
97467
0
0
155164
254929
0
0
23057
434193
0
111036
239850
261843
140604
0
581397
0
0
134589
70068
413517
0
42003
0
10627
123661
0
61121
165481
458191
300665
174744
125812
258315
0
263820
0
222241
492345
0
194144
0
118898
145383
0
368955
305540
142628
0
0
106823
380451
40157
471912
2267
0
7610
0
0
0
0
0
198548
156738
0
296178
489160
0
9378
0
142470
2092
108073
0
169124
216082
0
0
126501
151741
379349
1816
0
2546
0
479770
183547
88512
399283
85
47497
109495
126
0
123469
0
205446
102786
533725
34386
180282
0
14216
84757
0
0
10870
450319
148
141286
0
418219
455792
0
0
366293
2028
8482
0
222552
0
1296
0
156886
190156
214217
121586
497
168467
30116
165808
0
0
23922
280138
146383
279648
100597
479544
144750
273048
0
309975
307072
76541
45145
378146
261182
0
0
0
19683
1416
197189
179758
147644
46296
15760
0
30058
31179
234534
0
82301
317751
206191
87314
0
0
266637
335705
60321
0
207469
469957
11494
575797
222855
0
153616
336037
0
101077
86308
208461
294679
0
50812
273850
162957
164608
107203
348958
495823
249168
0
6833
20297
0
0
0
57847
0
0
585287
0
526473
45
206909
107649
91442
538215
175947
0
236179
52901
54749
0
0
202141
0
1554
0
271963
505658
386090
336933
108508
110024
0
90341
0
0
138268
159802
430094
0
0
164774
0
88905
0
113305
147954
99038
77498
107828
1593
438717
0
0
0
0
365762
0
5014
0
64828
200711
0
0
0
0
0
0
12504
0
213345
0
339776
0
41332
0
73305
235409
44064
37603
55199
56482
281625
81450
270168
0
0
0
1791
133527
281476
0
206974
155848
99314
163548
154184
234951
55463
301676
94745
299610
0
145952
0
0
56307
128497
58
0
0
0
110500
412681
421966
126112
80679
0
0
0
0
403593
0
0
0
0
289281
55545
1208
0
0
452955
359404
1716
2679
157385
158166
254250
237351
55362
95258
0
73977
200407
0
242
26339
17280
0
105086
189725
67090
0
14945
126651
299945
0
0
269431
0
187487
130424
199387
0
247407
0
0
214400
305702
432585
0
104738
206939
0
0
183074
489942
209436
0
11284
105745
89179
0
0
208924
224146
122534
405469
307782
154932
95635
236503
159424
176911
0
0
0
0
3698
0
0
163218
5485
0
3829
0
0
275406
0
68
0
108232
478323
284368
0
0
171242
85448
542549
0
0
6
0
177016
411145
364699
272647
0
320303
0
0
0
354914
298442
224348
31761
0
3387
164012
84783
0
153085
0
263533
77571
0
0
0
99414
111998
164460
0
0
137623
94200
226881
98219
38401
186377
204868
0
0
162868
255422
0
218134
62918
102213
264869
0
4089
425588
210955
116725
0
0
0
152337
57659
37637
816
137210
146928
379318
227741
154465
214959
159178
186544
0
146941
0
9262
296215
0
0
0
52404
0
0
0
0
82374
0
9868
0
353053
481
0
0
0
641
182256
116130
272416
278958
235524
188272
245141
38167
294035
0
350801
0
538737
0
842
78100
77166
0
173193
418594
164036
268148
187111
70832
150933
426
192695
2047
332229
7990
214201
95817
124971
0
281456
105144
19762
109648
0
0
240465
0
0
203476
0
0
145374
0
110
149816
369568
463589
483
8461
0
438126
247128
0
0
207493
266735
239282
0
10808
8219
0
198968
0
312869
0
0
254529
27757
117368
0
133836
17504
77055
34448
0
0
5322
0
105507
0
0
362532
0
0
474254
105336
0
0
0
113474
53282
0
201792
226482
596270
0
0
299734
125223
111340
223677
174441
2678
136437
227535
0
165722
42078
222066
145364
58181
0
0
0
41991
21698
51944
0
0
0
185166
22884
57298
41
289238
0
242402
215311
459146
4341
78914
105034
354208
0
0
241139
0
99735
0
95333
249958
0
5616
0
0
270050
178922
0
0
131069
141968
0
0
308589
0
212188
157523
160582
360061
247764
0
0
0
638304
476772
203490
60957
0
0
0
0
18402
0
0
34309
247751
21423
0
327774
2995
0
0
0
268039
0
72001
248910
27075
0
266726
320994
141526
402653
0
0
309311
65286
118913
0
0
0
113811
86708
89022
84170
116
0
361132
89900
0
294944
0
249851
0
0
287847
408035
347804
103616
538454
420890
0
0
24193
175038
270151
466960
0
132258
0
204395
306519
0
470641
0
423642
168532
169914
262099
0
134230
0
0
0
0
397413
0
154813
486826
36421
0
349063
256968
202716
0
483141
186042
0
147044
0
0
0
179544
53117
64822
113695
72214
0
102903
98655
0
361208
226319
0
0
43016
10783
271846
314781
108260
3629
9468
59193
268275
0
173302
0
342980
136445
0
2418
271418
0
0
240494
0
28639
1170
0
0
0
239389
210003
94683
249731
0
12296
63711
9360
194606
140207
60941
0
164418
188236
151518
165437
314797
150135
17606
167463
0
208914
177948
49592
158235
0
87877
196985
161564
138230
313395
45
122730
0
0
17394
0
209190
21004
0
157913
341910
0
0
0
139684
305728
205929
145259
234431
0
4918
0
342114
66141
125113
0
0
75051
0
0
0
152413
0
88169
252426
0
517907
116654
1645
0
0
192383
187508
24015
0
4938
396464
194296
0
0
462224
0
0
0
0
404952
251188
0
0
19725
0
219364
0
0
0
0
256206
0
407647
238739
0
110654
308395
0
361505
149956
0
138239
433757
0
157492
0
0
51122
188522
102325
322338
78278
359
106053
189373
0
195382
0
0
0
272746
0
132556
115203
134246
172763
107238
0
125851
0
0
0
0
0
287919
389689
242236
194122
0
0
35042
105464
0
0
0
274110
148507
229709
406007
357207
272316
0
802
0
0
0
475454
352112
0
1118
76440
0
253
136743
22446
264007
3935
0
81977
0
0
115499
143863
0
0
387986
380979
436866
52678
156951
87670
319534
106987
0
0
111
0
459733
310226
0
0
97652
0
145846
184397
113586
98795
2973
5969
199927
152908
25777
13518
4869
0
122470
171135
125438
40996
175633
45130
0
0
442012
276
448698
223600
0
0
0
388328
175575
79950
221842
88046
0
0
147131
0
0
43374
345533
144260
385403
324070
0
206327
60566
0
0
0
0
0
197565
44284
0
39984
0
249537
0
0
0
0
54295
493834
595311
257921
0
0
196806
260141
208149
28280
35794
271321
138847
305973
0
204768
186543
113471
101296
157674
97158
0
0
152961
118097
0
6692
153271
409007
127508
113310
0
354870
269
0
401869
230416
0
170093
338011
352071
0
0
390189
105149
247067
114013
0
17835
289981
314619
235
139296
0
190369
330602
0
0
5716
237642
161415
145119
0
8280
0
206433
0
379327
78994
414905
206100
393364
413270
157665
320709
366470
34454
0
0
35998
40006
92148
467422
257181
0
48218
0
0
0
9739
0
150242
0
62587
217514
137308
0
0
193876
40662
0
0
84908
53536
0
0
388669
107405
0
0
280563
203218
195566
0
0
81509
0
137387
0
1923
0
0
0
3218
0
247947
400982
184478
0
348190
171312
0
261175
4308
39254
32108
230124
14829
89109
199935
205663
86213
0
232882
70753
569786
132904
70703
107439
0
238392
56060
0
0
0
161093
95487
0
157579
53319
0
217679
281802
0
0
0
58420
41748
0
215536
63027
0
270844
311801
70856
78139
315060
44509
0
215506
276819
134885
0
2517
0
0
0
344582
2901
187664
284239
387947
0
60706
174805
149901
492137
0
294631
0
277609
56683
0
338917
271483
9637
97044
91043
199161
0
0
0
117700
149252
0
134464
0
3373
385860
102833
169584
89042
123
0
0
188062
401889
71250
11210
58777
0
0
0
220106
58369
0
35350
131936
0
0
212427
420770
2257
0
151171
81331
106957
79609
0
0
0
0
26573
47062
105644
0
0
0
0
249682
254872
24672
341721
0
0
285874
662769
121427
192764
810
0
0
0
0
0
133217
0
164242
212019
142079
0
79216
407317
294135
88824
0
3805
246426
0
26878
134286
0
3955
292064
123139
79810
206293
46095
5297
140117
412603
19759
385782
96562
1880
84919
209405
477956
176761
0
294762
396339
357097
268992
15340
0
0
0
123310
62837
0
0
0
168170
163427
0
139038
0
0
251185
221753
523680
0
142379
444702
247362
175646
161955
119111
0
0
110858
22649
58508
70753
50811
122917
131237
0
144076
0
0
231542
128168
0
0
0
152700
165111
195986
0
0
58444
123448
136206
0
0
9131
0
102227
0
252699
23852
0
2751
181779
199348
149688
234370
0
0
0
108270
0
527
0
414211
285249
0
191279
94060
220658
9460
139169
345026
0
0
25092
143626
0
0
1702
3140
102787
63979
0
0
70721
413383
115221
369820
71808
460459
214513
296118
0
0
70257
0
204621
151360
328427
0
0
294023
0
180934
0
67879
164973
89940
201595
81103
2111
0
71576
527644
43
0
153021
120873
46856
24845
381
414905
267317
152872
180348
358110
87468
0
419874
0
37124
407156
307953
41099
195354
0
565660
214284
112028
418717
194856
0
0
0
495186
116583
0
0
77126
115781
122361
0
87599
166221
0
0
236396
98376
0
455128
0
24111
0
223093
10261
18617
280000
197231
218872
1695
0
175577
227345
357222
0
27771
391833
78235
114767
0
109641
71859
41620
74689
130656
0
163736
177741
0
292
0
341183
0
189503
0
0
150289
579349
572339
268081
394367
191580
366615
24552
371804
0
207074
180796
0
127612
51148
1878
274458
0
183599
24327
215991
65357
191112
113148
0
162149
179517
0
0
83764
18013
489165
32397
388315
300939
0
0
100594
0
0
338554
413659
0
225
0
0
0
0
2554
0
474088
270942
111602
193692
33832
516312
0
1029
0
139478
528088
108927
202010
0
57657
128619
79252
84349
313054
102929
0
75237
0
0
0
220567
0
237805
135041
0
0
0
0
0
0
30292
165504
0
345410
0
258258
0
179166
358734
241132
205599
385280
157203
33209
0
0
282470
588470
0
0
0
345547
153464
0
0
0
294285
116526
245717
0
0
0
336600
230429
0
0
54770
0
0
0
0
0
242482
376501
212307
144040
0
90515
171429
0
0
95838
0
0
126309
317928
57880
269299
252938
0
116494
0
0
0
394743
0
34924
215323
0
87586
230683
4799
83482
85273
0
150783
580005
27807
176792
689
43502
242906
0
313725
25852
272623
0
129208
0
0
0
221441
557187
0
8054
279078
113009
382667
0
68365
252907
398075
0
143012
0
0
0
0
11309
0
133217
196360
0
34593
52391
187438
300
0
207025
375397
363165
400938
0
200496
0
0
377912
243923
87865
0
117688
23
0
0
0
235157
370869
0
297224
107180
59947
0
153381
0
0
29325
396286
221594
520941
0
0
190546
326303
0
98500
139387
414373
0
183277
136416
51786
200993
0
225281
19538
174265
0
732
0
189363
351148
108990
0
50469
127125
300
210112
21166
106769
0
0
0
0
47858
349199
188371
300
80272
153094
46400
17807
171639
0
547309
186861
212362
368090
48313
6698
245272
71390
84990
480093
0
0
23741
299346
0
179014
10293
0
30
0
0
55542
281785
42636
0
0
6208
143897
0
157165
136908
0
0
27
128234
0
122680
196604
0
0
76904
13969
0
165560
248269
207291
13516
100130
119481
7100
243671
167750
0
0
0
74221
275598
94492
391492
0
0
0
0
0
281723
253091
72440
77296
0
0
1310
0
0
0
0
259522
197213
0
161594
0
255025
86618
5908
146474
0
134863
333361
332965
129569
120020
394482
39511
0
0
0
0
64370
0
0
481732
47926
0
0
0
0
38
311825
49966
181016
0
0
218294
0
249253
158621
404504
0
52061
225937
9
0
0
0
0
393018
169602
74234
0
0
0
51676
441531
0
86626
0
0
0
154221
130975
0
511581
492309
0
55649
130829
0
165008
0
163681
0
0
202433
164499
0
0
0
530323
221024
250485
148519
0
168641
0
106462
0
0
69205
0
145898
332553
108753
0
172374
0
0
201439
113374
332799
244188
0
282646
77430
0
0
11205
50677
103722
40387
142364
451652
152415
2975
0
0
87797
0
206048
148805
540103
0
168936
196169
58890
223618
41119
161112
0
0
112832
430
134846
158609
59195
96613
13226
119279
0
0
0
0
232733
57939
0
206954
0
0
0
0
0
0
125961
91011
63972
237042
0
241717
16074
0
0
54591
0
2730
172753
164546
351210
0
232739
206760
25552
0
154811
125595
0
5650
44360
163260
0
165
433373
3809
0
0
0
123389
87567
232175
0
235393
8965
103528
18156
110736
140058
234222
0
85171
332012
186652
264120
0
144785
124406
0
179757
0
593106
0
27
151496
270
184065
239515
134132
45860
0
0
517444
127056
0
216252
0
433961
39461
323752
0
116964
146078
77539
0
422843
453962
85665
85825
84167
106036
4789
0
108712
17590
80067
0
125725
75195
0
15041
84431
166340
0
0
0
0
70381
0
116233
146392
286203
0
152866
612773
539303
0
179133
140230
0
27422
75082
0
92281
0
159117
192221
150766
0
0
0
15365
408333
0
259235
166530
98516
0
137014
219811
0
0
6495
0
0
4641
148106
13445
158865
0
0
0
3067
149432
237655
0
111741
156708
542804
527880
108024
110883
0
0
150692
22122
0
0
0
106044
51957
544244
197530
0
0
0
0
0
306801
193967
279884
0
0
0
80386
43426
3865
137475
88319
104
0
223205
328726
0
14138
187805
164386
353357
0
0
752
0
0
256242
245804
142496
0
436561
415611
30008
0
164855
0
0
0
169685
50290
271853
1658
0
151306
177706
489768
575599
0
305564
427105
0
48386
593994
0
45410
0
0
98515
330
414664
0
0
0
0
147306
0
127566
0
285466
293283
48070
126398
102893
0
64567
251599
0
299702
6252
0
0
133273
0
0
921
0
151381
235450
0
0
120381
13064
346903
0
3149
0
332625
195604
63141
82169
192289
324575
91451
0
0
548
19376
432299
135181
303667
201290
53350
0
0
118484
250898
211430
191085
282409
165842
286843
2024
36106
316089
212379
11763
0
19371
237419
229503
976
0
0
0
85517
0
185454
0
48629
5521
13423
84188
149341
0
0
103702
0
484856
0
0
152772
0
0
0
0
0
239414
204942
0
164864
94570
0
0
137793
62380
413553
237234
0
0
129404
538
291288
186202
347062
309166
130696
9202
89949
0
157626
37148
355513
62416
0
764
0
247488
49781
474805
26343
174018
114253
510747
0
232931
346005
249144
72526
174573
10817
0
121437
140046
94741
189206
0
303389
108518
0
0
282304
186802
144356
0
21013
0
0
198630
202407
111591
195
0
23410
156387
265857
199678
74328
0
19342
51562
0
92211
151619
0
279248
158723
0
225255
240027
0
87085
9533
0
0
186255
0
124323
206196
44974
183487
0
213001
220023
124116
0
0
0
460882
0
43380
155425
253977
0
0
89185
0
15398
0
363
294458
0
0
2383
0
0
55552
175683
50443
148095
0
137568
145276
287216
79428
235721
0
111471
0
0
30528
144227
2562
0
0
0
0
42403
1219
9496
97069
0
0
318241
273276
65911
0
0
105
72907
395070
23043
24845
8748
0
398822
175290
185447
46419
92877
0
0
376836
294039
212828
0
0
162409
20064
470344
2
19627
137090
172804
298343
0
96556
6
256920
171860
38237
0
172799
157112
27823
189853
143056
0
105211
153582
44886
2632
92164
0
6435
0
0
87401
1800
0
185061
0
0
76787
0
0
407
0
0
392048
1636
248529
64124
148229
1120
1494
5311
66426
0
93772
743
36124
0
0
196399
158390
141386
0
0
0
164861
295564
142505
71173
0
0
87241
219994
0
102645
180276
274658
59907
95673
5652
139052
225727
0
312273
22155
201171
42107
303975
0
0
77249
126905
164521
303682
338522
6618
0
0
0
322558
0
283813
24963
338878
128267
0
0
918
0
0
187118
279669
12
153369
209480
83269
0
3398
0
110160
46322
0
268282
173433
0
0
364196
313249
57075
313216
164753
0
64878
300191
0
199007
249110
75
2981
147156
0
317025
236045
214204
413880
148038
0
355526
280420
85355
133171
262971
267732
160
0
0
0
338587
0
0
186516
0
124100
230048
0
0
78447
384922
27967
266457
387493
0
0
0
82780
0
0
11707
0
0
0
0
492805
191872
0
82536
240147
209964
51427
24199
81358
0
234340
0
431998
2104
0
193763
234422
41371
404521
0
224288
244454
347116
0
0
0
194967
344443
450997
110780
33227
0
270425
115204
0
203123
369155
84761
204890
94666
221967
160529
425100
153882
377046
367608
181819
0
784
43824
11231
0
390570
0
253113
214499
150696
9423
167694
190059
418692
0
204828
0
183912
83745
223259
192746
183174
0
0
229645
61876
28313
43522
35862
0
196716
144188
109003
113337
148595
178443
0
189700
486278
35
0
0
435032
154503
229023
67126
148
0
0
171972
0
0
0
146350
91660
24228
48464
69614
0
0
129545
237587
187868
0
249068
111634
37427
233716
0
153182
54697
14732
0
154012
106667
0
0
4843
137811
9417
29771
94736
0
0
408408
112448
85755
193284
467945
0
188093
14450
2091
0
0
0
0
64
0
245782
0
328761
140792
241
0
49313
159061
277860
121832
9
525721
207168
0
120926
1319
12064
0
25726
0
0
0
53
0
71885
25388
160526
995
32006
90763
212116
246767
114256
0
0
130127
442213
57569
0
436
0
82766
0
9524
29806
98897
108955
188335
0
0
0
0
0
139628
84869
0
0
0
118016
231406
0
0
211489
3219
0
194785
180097
537776
0
261941
0
257460
0
0
0
0
79645
128572
323882
500615
0
0
270317
70292
119867
170275
57664
64658
330333
318056
0
0
0
56142
152557
276424
7
0
43220
1259
0
99394
544628
30132
45302
0
183997
128094
146358
0
0
521716
42999
162647
0
207894
112323
299857
0
0
45443
43145
288846
0
278029
0
288556
19090
148366
273813
0
151427
310501
428530
124515
115115
0
144886
32872
0
0
148616
544204
0
14321
472217
0
104787
53591
0
0
161941
201374
0
178832
209066
4884
0
0
225143
263789
105714
0
0
0
73741
278904
50946
0
223459
75643
0
556450
85349
293798
0
71906
112594
117120
0
78
0
0
13009
338554
0
420304
174246
0
0
112798
11060
57056
149806
147043
0
0
1986
354143
184515
346425
35629
192325
168916
0
610
14377
0
0
0
0
344170
119254
0
70110
207398
560295
0
0
0
95
0
296372
249603
70213
147581
396387
51420
112680
295455
1537
0
131384
14959
180845
259052
263964
21
154075
0
0
319967
377793
0
0
189348
318127
86590
278814
295362
0
0
0
0
156535
0
350144
0
263565
131931
546670
150234
385762
0
0
116316
0
138871
0
444
0
53467
318262
75953
17759
0
1365
220370
0
128060
364527
0
342646
0
0
46265
165072
224630
97216
445063
329012
31596
0
75483
0
49586
0
8229
251311
0
281329
169848
0
0
2017
0
0
24118
476208
485125
31732
528882
37555
0
0
51546
15934
145359
131295
0
0
85
0
147610
308074
240046
98024
282469
0
138682
302905
15572
74593
133365
85820
148710
0
12
0
422476
195685
134108
0
135645
0
19089
239250
269491
0
107409
15413
0
0
0
31788
108273
228710
0
140679
0
0
0
0
16868
0
0
21556
415216
0
0
97315
312253
125212
70026
0
71781
280940
0
190404
275058
156348
0
0
46388
89681
43380
251936
358728
318829
473785
0
0
0
0
83862
304407
28029
193386
0
0
154051
115279
97497
248491
794
2429
0
0
0
29613
60914
124729
0
90887
384843
0
172922
3005
308968
0
0
75358
261581
87566
219931
119107
118967
128237
265342
0
0
0
331325
41192
227997
353513
0
54015
40324
0
0
136841
0
0
211549
0
2
211544
126349
326399
137870
30633
340744
46980
239698
259695
156502
0
197203
0
49176
0
125293
10022
319
154050
253191
162515
229823
79023
0
296
405732
196397
400605
263293
0
346669
560438
231
0
185038
292863
89909
0
0
0
0
101066
0
252698
232884
0
409777
8421
187557
72963
253230
243615
448
0
213
0
123424
75678
128095
123731
432515
0
0
0
12418
528387
0
224116
155706
0
143897
181556
0
52838
374222
27838
0
302660
158098
0
360605
0
82190
423263
321212
0
63389
0
0
0
244506
0
240353
164497
108711
0
145963
0
290066
48322
30286
94273
60765
77936
359433
0
108723
131430
108629
0
166673
0
0
0
453414
149905
0
101024
0
0
459662
66036
41404
366
11538
0
151291
236885
60481
100865
94227
159
435488
68630
189904
0
0
2448
0
41365
66141
0
0
91511
0
0
16322
0
91642
574779
531409
1657
413683
0
1131
9814
104118
101896
79928
87284
0
0
0
0
0
0
0
248785
49569
297033
397086
185376
0
124170
2191
257540
455002
110813
0
0
556
386506
160467
0
0
0
3196
155723
194364
112445
11213
358792
0
0
149897
0
294583
232844
135323
448239
0
0
0
0
0
176479
0
290980
58317
0
3753
0
0
236002
79634
0
206465
195120
145741
0
0
128456
0
79906
37747
87203
0
0
0
123459
1
174205
0
363217
0
0
78424
327834
0
44065
1466
310237
0
43057
339928
3131
0
234136
252300
27964
96014
339026
0
281928
0
189729
350547
217737
181153
190153
37120
8615
143515
459
113028
0
19895
337281
0
0
177436
147885
98077
246288
0
1166
0
1647
176315
229372
88176
0
70731
34563
247692
0
0
0
0
97970
169575
402756
0
135491
306520
53977
667
196376
140476
106501
0
0
285827
93077
0
0
115845
0
240929
90111
81081
0
421603
81176
0
78602
495025
0
186111
28211
327356
342871
303290
180888
0
115192
0
40074
76021
68157
350110
432812
136379
0
0
0
413708
300756
12297
24833
160203
65680
238949
144991
0
47484
53756
0
120039
129535
5
0
72880
189910
100314
0
0
0
257878
0
0
0
0
214785
168361
207418
0
322236
212525
0
0
183613
326342
2186
671
0
0
0
0
0
88445
293737
93961
5928
0
49898
96495
134513
0
1975
0
583700
0
0
339065
192674
250650
171499
244270
2673
0
0
214309
234379
429209
0
0
0
0
311679
278711
0
0
335715
0
218567
268189
60320
0
0
263640
216756
177432
79158
186155
36925
105854
143861
388365
475563
0
0
364709
126220
0
429787
2773
768
104924
18386
0
134417
0
22923
105819
0
441
130648
338099
270524
0
216400
127410
249086
81009
432264
59805
213819
348311
510984
0
46187
283788
153613
458769
0
157359
0
0
0
328999
7614
87711
0
107677
0
16373
0
87923
10633
200310
114354
62318
318067
514897
0
18790
120044
0
217906
35977
0
328785
439099
51
2561
278814
169915
2373
213895
163450
135718
475932
55548
0
1532
255549
0
256497
15181
85870
110967
100601
41
0
0
252784
20826
344024
0
488863
108581
0
58474
0
414351
177820
0
217132
240933
264226
98767
42932
0
175558
36738
0
5509
0
312584
0
469256
126
0
0
64357
147467
112089
3499
489736
250140
243179
0
246102
238905
0
39
95144
202201
3539
0
257440
138201
0
75066
3355
0
52461
160423
105779
0
0
0
192273
78431
0
161199
0
86461
0
0
198225
126734
162488
275786
0
241669
181974
0
356921
141401
120793
0
271556
202515
90
112934
0
0
165610
0
320205
0
409552
259905
112545
0
103013
0
471343
378813
85395
150094
29999
0
21737
218367
343612
128129
286664
190756
0
78232
327148
0
190333
50828
71646
0
443247
239145
87551
63409
69940
246529
235245
148371
251950
0
0
0
0
0
75260
0
0
0
0
201746
0
119097
0
2116
0
262977
0
0
36581
199129
358574
514059
0
0
69948
0
0
23579
116877
130717
79573
0
213752
91734
67609
204383
0
317875
0
274613
458960
6423
97353
0
220482
0
0
0
0
226568
20891
203783
193765
268723
268505
0
127061
5810
173775
0
57422
157771
36183
160280
0
0
173681
60589
0
251738
411433
86657
405147
311210
0
5678
5627
240421
925
0
147093
0
79392
115054
173040
160069
108901
195587
0
0
0
80349
500152
449670
0
95021
183457
29492
201731
290099
0
127281
684
161392
0
62843
102083
55086
55980
0
104389
0
174530
0
20320
248107
65364
89918
0
0
9
0
0
339554
0
489352
193091
0
219040
236250
26475
0
271637
249912
350822
0
199055
206150
371036
7808
0
128451
176979
0
213755
1096
0
175235
518965
190896
184626
2080
17664
0
69735
75038
0
0
0
63331
0
76874
211276
180778
0
335336
168172
136836
140051
0
131270
150803
172031
307390
450303
0
290618
214492
144570
388791
2155
0
1271
109176
424045
0
0
41907
519178
109696
0
0
0
12161
117851
0
0
41696
107931
139646
60743
8508
0
0
0
360003
0
151107
0
0
0
0
1737
115172
0
0
184136
0
408977
152342
0
0
0
168297
52225
0
358401
0
551786
294379
0
786
199021
328003
32263
0
0
0
424107
55687
0
108199
362067
157595
246200
434774
545822
0
0
0
141798
108325
0
22557
90628
0
0
131331
71921
359106
204815
148204
381542
0
0
0
78096
422683
203429
0
54456
348692
167247
0
317
93526
287966
265888
252514
91482
0
173417
0
105577
56478
0
0
0
0
57462
33804
219537
0
398402
232211
0
0
0
356238
76985
463869
178215
0
362203
0
135263
782
53337
190992
14605
44667
1481
85296
441903
131518
56740
0
275839
71
175140
393560
417646
187385
0
5115
0
34122
126796
0
70032
340371
139893
347669
0
408385
416710
0
192446
206384
104691
0
39966
4573
0
86819
121122
72759
0
0
0
254952
50476
247903
0
0
0
195846
178656
7472
93957
30619
144372
0
0
0
292071
97430
131765
149616
0
644988
545951
0
209026
303575
0
224203
330622
200685
0
0
117054
253887
81396
0
97490
132316
174898
92464
1668
0
36
1475
280257
283623
442533
0
126387
93909
142372
0
136060
418005
0
43565
75930
148582
0
0
0
240548
0
4234
66041
516000
481074
225610
0
0
69656
247675
0
347777
255053
182888
180171
154569
265887
240215
113139
0
0
159608
0
530414
307974
89223
153832
187263
158457
0
94129
124520
394302
0
5778
0
304176
10031
28511
0
525290
0
0
173458
304257
0
8822
176488
181286
48561
231864
0
0
231476
0
0
32229
0
0
215057
56986
0
92675
193077
74494
2676
56367
303576
154563
156591
19945
0
219601
0
64267
0
115862
430121
0
0
160783
388272
0
0
234183
0
525635
204005
68683
87918
0
93543
0
0
0
0
315296
46515
175463
261575
477732
322001
242117
201464
0
0
0
183916
201669
103826
137273
101701
116477
0
281211
257243
286617
75910
0
31957
156759
57324
197852
147044
0
0
0
0
0
312494
171808
45813
0
0
0
0
394457
133457
0
0
55307
208275
0
366009
196207
12040
0
190877
156622
0
0
331345
0
7454
90892
0
2836
0
0
92911
0
138793
0
0
4778
0
0
0
531
114622
0
259367
0
147471
512391
196912
0
237183
0
0
158133
130828
155947
0
0
78405
0
0
0
214154
210079
0
0
0
24400
26329
71843
0
194272
261713
209194
71310
222068
117378
0
42098
22472
95976
44807
136456
0
12767
442677
0
64926
0
0
201465
104214
26769
37660
0
373751
0
0
0
91057
148871
282365
286257
0
13816
179636
197546
228635
69296
244151
218881
0
0
0
0
0
187301
0
217783
158400
213232
267643
0
202318
383513
346696
0
372259
0
198532
2643
94310
117069
412177
0
0
66051
2655
158434
0
143456
72660
0
177746
0
186554
174927
340055
329
0
198643
30741
0
267479
0
0
472179
25352
0
157317
208129
2887
0
0
0
396599
64306
0
0
0
63106
0
137822
3
0
51385
0
189316
0
73251
276915
213227
100956
0
0
0
353129
0
200921
0
0
0
170793
15922
3277
0
174914
94414
367356
242012
41829
82551
212419
17
169383
99045
125870
0
69688
245151
0
0
0
113325
0
16137
0
0
210667
276494
60351
271236
118260
146690
240190
343758
941
78418
0
0
410295
0
128297
0
0
0
11210
152981
258950
451492
529312
102632
0
202075
92165
0
0
387022
0
0
178475
264511
0
87051
191475
191379
130501
0
0
0
0
0
28114
0
586240
120595
0
0
55377
99959
168251
0
0
0
153372
49009
81888
1
0
0
0
6889
102716
238571
0
292386
0
1146
11807
138818
156941
0
741
0
0
424
75924
139761
125686
0
0
0
7096
115536
310064
0
0
127654
95886
44048
595294
7186
0
0
0
76611
138173
406968
0
0
463498
251475
112655
4949
35962
90151
31703
0
373202
304381
25205
57306
89963
65312
20625
120350
0
0
0
0
0
575711
353659
74178
19912
368848
90680
3535
89564
283924
199322
55158
1829
0
134881
84500
68115
52684
65273
92535
0
180713
0
7613
278212
571
0
153509
41217
0
289977
49646
7278
297034
321712
477347
44810
0
1067
603886
207567
0
0
0
0
103791
403144
0
0
0
0
97314
0
93742
31556
109298
0
0
163958
0
181445
447109
20838
16608
522482
0
0
0
230556
0
114269
148977
277699
0
29773
238111
121922
213996
0
0
0
238721
0
0
258162
269135
82
41034
302845
7456
0
18411
45174
27215
0
238759
234992
0
10620
671
118247
9599
14949
388354
447972
0
0
129019
296097
548440
146791
124104
215119
0
0
146068
132778
242351
8984
130564
148116
178775
100176
0
0
345369
316295
0
268793
344944
242864
304039
187580
253524
524798
222928
94082
328156
306839
0
0
3375
0
0
0
92520
144847
153259
129940
13256
129306
198784
170603
0
0
2
365371
0
71873
372796
0
317869
31662
123494
163228
137761
68370
0
255912
0
61282
0
127500
134207
126267
71336
159671
0
666
0
628164
163594
65546
161420
164712
31708
101919
0
227398
355938
486861
203922
103756
183489
291367
0
213710
481851
137612
205237
0
0
0
36546
409883
225406
217908
500519
172642
0
125152
230620
0
0
0
54580
193133
0
0
55130
241499
0
0
68200
112158
62352
870
98585
175178
49623
0
400598
0
377547
38345
507158
132303
160954
91439
56
344663
157974
61621
0
194330
298392
274294
157077
190376
297578
0
184266
403998
0
0
93447
15231
4822
0
86439
0
100000
310841
311198
119445
210628
0
350785
0
213899
0
157940
345464
228065
0
0
3305
0
0
0
229264
112130
126982
121215
382240
70064
236432
0
18161
0
0
0
107123
3668
80284
0
79985
128608
494836
300153
348388
309742
0
0
822
331158
0
299313
331988
0
253356
2246
93265
184075
486178
0
0
0
75288
543430
0
0
366460
683
5286
3682
0
81649
237563
214851
36822
54478
0
0
39063
218580
74239
0
0
476568
244479
258322
0
0
190030
208768
288631
288407
36224
0
383003
0
6140
0
204161
3117
44492
319073
547700
0
0
203204
0
0
25226
0
73923
0
634018
0
131600
155571
420793
4565
81657
175814
280874
0
121049
249908
329948
0
351540
297702
110673
497605
57
69372
28182
63931
142940
170148
0
0
64757
5484
246048
0
162561
207639
560295
44147
0
0
0
0
0
0
107398
88382
0
0
202079
318954
11192
105880
0
10
55653
100005
322333
0
384165
162557
443593
0
109300
233072
194324
0
0
0
0
0
166328
112054
0
2077
399485
50782
0
0
163550
3182
0
0
104537
18543
0
121440
55340
458428
0
333143
0
13241
265772
164793
178327
357643
167694
118323
480340
0
42433
408891
0
0
2327
161593
135604
194834
94030
308756
0
2726
100247
0
108990
0
0
0
0
115782
79952
210777
0
198048
1243
71605
49294
122934
2645
0
0
0
1878
350851
340004
0
34213
330009
186773
32303
92603
382647
0
165666
0
0
0
189498
0
0
156418
372854
5819
232920
0
0
0
0
0
25939
187725
300781
166175
136861
0
170152
22519
264637
0
238852
0
142353
227643
147305
341287
8098
74740
195805
28198
64403
263564
5996
0
0
0
189448
227088
417
86330
0
343780
0
29022
33710
162745
0
0
0
96418
0
301170
187468
0
0
0
140104
321781
0
0
30172
4047
113159
62565
0
80236
0
0
125035
164679
270743
277435
391151
205025
0
202
0
376443
180815
1167
0
0
0
69873
304441
162444
404507
70
0
48
0
253624
192311
194064
381418
406327
253361
133148
146141
0
295183
87311
0
73983
201669
310843
421144
24218
0
0
119092
223417
0
0
86052
0
0
0
0
0
242330
0
148318
64536
15096
82835
185818
412848
0
0
271905
86811
255344
0
0
0
66550
291721
210037
0
166799
0
120046
405190
660
0
262825
34889
0
0
0
945
124217
26174
0
254922
49934
0
0
0
271425
1939
0
22250
202220
312045
378755
140791
0
136653
0
71913
0
83772
0
0
167788
0
179613
206235
0
0
0
59753
301860
249377
370595
0
167874
0
0
0
69579
229987
270025
360639
170565
4194
0
2891
3206
0
419481
0
199776
330913
189865
64494
0
0
0
0
181822
226304
134077
154106
0
0
0
375046
734
120701
225836
0
0
0
0
0
186108
0
69250
505832
0
194644
273453
0
716
97975
250268
209372
0
0
175591
0
367719
0
60256
0
85942
0
0
0
0
0
0
287789
270405
154243
0
28927
300935
93098
487039
0
109854
169406
155750
232905
496690
1613
0
90057
244
435047
237626
0
142480
203903
114045
0
55599
0
170872
98116
114128
129062
191094
0
276247
0
329
145701
296
227028
8254
0
180946
0
0
20035
320280
167191
33655
170196
156759
0
0
185325
273610
0
0
6330
0
0
0
94869
505560
0
58415
515409
266957
0
391006
0
92474
0
0
0
0
29875
134757
125949
153195
236286
0
0
3359
449302
380031
523434
249016
421
174155
100806
75187
30086
4
1594
0
288549
0
123267
206257
0
110412
304020
161413
127864
131793
0
0
0
194908
199069
240017
0
45784
129426
42475
145006
375113
0
0
543584
20538
0
101505
0
23291
118917
0
172351
401253
213072
385680
550599
0
0
80427
58609
99306
118077
94493
152625
95613
0
223310
1473
0
110010
405884
3667
118908
0
0
117653
148148
458591
41337
282164
0
3457
0
209245
269065
0
250246
0
103312
0
397602
166587
582500
4111
752
0
187616
84111
306116
230207
328683
182055
109093
158442
269288
0
64858
122481
111560
274769
0
5546
0
0
127908
2142
0
198988
0
0
39955
0
0
230144
453700
0
0
224362
512091
162251
0
4
26896
0
120280
0
0
0
50767
0
16995
158697
122926
0
59877
107236
104743
83385
0
0
434
52637
172334
56904
0
623032
61893
241488
0
0
0
0
0
110642
0
220724
3140
302103
0
102481
484118
264586
80531
398365
0
117785
223087
212208
316830
212660
23753
206193
325882
0
0
0
0
0
5442
0
54338
156022
328443
261319
0
227333
186306
0
0
22418
23192
327494
132589
202
0
0
198915
0
437643
362600
314883
480
0
468255
326812
78234
47664
631793
0
349567
0
0
96527
156632
122805
307489
150493
128250
51680
38
0
553472
0
5696
28070
31497
27895
74384
0
144691
11533
230467
129819
0
0
5616
259842
138964
314562
0
0
0
53266
50090
255848
0
5267
107530
75751
194635
377636
295500
0
245047
1383
225907
173486
108103
0
183437
287826
0
53980
193644
91972
354547
0
0
643895
64386
117261
180700
6305
0
27525
0
0
0
174024
77538
44177
143165
211849
173960
220904
7541
0
151583
83253
0
0
76889
10145
440803
284559
39088
106199
0
537
268220
3085
0
205287
329143
0
0
168335
0
175241
203569
30108
143757
239615
0
1519
58663
221057
140668
534483
155303
476506
2803
4422
130651
0
151257
0
226
152541
71780
334085
448490
54703
0
4842
494220
326604
0
116106
0
234085
58964
144650
0
527587
144466
0
0
159712
292388
0
219
0
371694
0
26976
100192
0
16134
22
2371
388768
149508
0
55848
0
166958
0
87622
263239
131049
0
90428
1960
160190
100205
0
7630
0
0
73705
219500
111150
230422
564255
0
0
179079
262981
306626
480696
0
84181
0
191354
0
246092
194438
115130
0
0
240500
422711
0
242770
154380
117890
0
0
0
65115
167982
218097
0
0
69196
0
0
43360
17258
163870
176991
269270
23563
232112
0
0
308115
0
233192
112691
71987
138616
0
0
1082
0
515802
342144
69966
203024
335383
253664
176619
0
0
0
185289
32521
0
0
0
0
0
157639
80028
307846
142660
278612
0
80869
151239
373573
74546
36684
130428
142264
299700
149925
0
0
0
0
379755
108551
0
54353
0
85
123961
0
0
0
0
191435
439162
0
145405
107337
57043
2586
0
302454
0
155604
82868
0
469846
394019
334234
0
139997
0
78228
460227
0
91641
125403
311640
9489
52524
0
492782
422474
0
0
0
0
0
252755
0
0
307659
0
308665
60798
82703
135004
0
0
0
0
0
45832
297713
161984
1
0
68713
280266
111062
0
0
216697
184113
82343
465743
194220
261149
126008
138780
0
181705
126111
0
127804
239777
0
22733
113495
0
114804
110609
120220
0
2320
63810
430221
331946
0
291889
0
169974
196210
162516
0
41292
93173
743
0
0
373037
408003
451708
0
166614
0
341957
216148
27321
108601
506762
165975
373408
39429
484088
67689
354034
0
0
299596
287816
146512
0
122959
0
7550
66411
30774
162021
220144
0
0
0
143380
265391
194397
0
154145
91164
80339
0
31209
296843
140305
0
0
80232
63296
138929
0
0
71136
134276
0
181251
133563
258496
0
249893
92213
137253
71689
0
0
453778
71925
0
0
0
0
0
146
0
0
0
0
269984
0
152362
0
337281
144387
32495
261963
245976
0
19069
227323
0
0
345413
114259
31113
0
0
319120
212811
185931
17716
258551
0
12765
65970
397776
312704
77441
0
0
0
0
0
0
19742
381613
97027
115838
0
0
71332
270736
80486
87023
213599
210878
150543
63080
0
0
134883
191121
81684
53108
0
151993
505073
223726
0
0
5080
68343
215055
0
1784
5373
20332
0
0
64218
0
167145
336378
0
469510
32061
164772
120588
0
145230
211053
189264
244763
65058
0
0
31680
188720
0
0
120095
249120
434239
132764
69010
202637
0
56942
2520
244563
154376
320
41561
137238
275017
0
353235
199192
372079
555791
0
177424
86045
0
0
0
0
0
0
0
1519
0
0
380201
184284
166496
109415
1907
0
118420
446391
196361
763
0
163294
254921
142692
153907
0
96197
0
68212
0
1091
168976
3719
95741
83946
0
0
438428
0
170091
0
1561
180630
419434
163659
0
137494
151172
0
84889
359804
180259
88518
0
159647
112643
0
0
0
322040
206731
52963
86078
123727
0
104171
304671
0
149884
189638
3251
0
0
0
0
399136
260945
394395
98204
0
319655
502902
0
319440
278814
0
0
411126
245756
0
219478
356111
67669
226426
304735
128499
216225
588486
0
0
0
235629
308017
28917
210370
139917
0
6
0
0
86708
0
0
0
0
174883
46236
400584
300292
0
0
0
0
539074
128761
0
0
36194
400988
0
0
194182
462590
0
419
47011
92307
253034
461684
222442
400325
100952
0
0
0
0
12248
69048
0
206399
212327
0
18151
323430
154831
67329
0
253181
52159
390789
0
0
203724
213417
0
158189
407794
267017
461377
0
0
0
0
0
198385
210049
224340
269518
123752
415868
0
124146
145030
9708
220282
0
72460
16516
0
0
104302
441745
0
0
880
242693
0
0
0
0
470594
244122
0
338556
0
227992
124121
1688
0
328975
0
0
0
108078
93652
0
0
0
0
0
209820
150547
0
428364
0
66949
319962
37542
0
207851
351123
281815
35505
25195
34357
61502
0
0
0
0
41622
113885
332487
0
133736
69618
67314
0
186996
112144
93231
0
8602
0
204008
166578
27
133920
115139
0
16926
282198
305715
0
186458
14314
0
209702
91938
197354
0
34707
0
0
109937
355478
92474
0
36733
287195
298019
90890
61841
87189
150888
5
0
369923
0
74496
243035
350589
0
133545
0
293250
232430
286131
0
1681
1064
0
45354
158568
44153
336470
2019
123928
19312
0
0
140999
0
165838
106637
317221
0
10212
0
0
0
18887
190666
127981
137428
47745
0
304248
0
94169
151666
0
0
214721
92741
0
0
63671
0
1224
421477
243206
322576
0
107747
142473
67190
365830
0
0
0
0
436337
165752
0
85824
346538
95122
0
0
52848
169510
381604
153902
115382
174543
161566
0
3161
0
358788
0
374285
107085
0
285671
0
147383
0
11349
0
173495
733
245803
0
0
202817
88287
230029
138432
0
331073
318547
72070
0
249283
180449
574082
51862
31284
77036
0
159793
31986
93472
221005
0
112902
66215
7524
23890
95204
435610
145065
0
0
2463
3189
252225
109362
587368
283581
160750
10520
2154
0
42759
0
182175
170414
486755
3504
47502
0
0
0
545388
162135
354615
0
282045
0
231877
3395
178687
34208
399201
0
30325
87423
170558
0
0
198136
301518
173113
0
0
104653
0
0
75295
0
36979
0
419923
153338
0
0
0
0
134080
217006
16127
1867
219473
0
210857
218272
335226
86753
0
53259
192455
2897
9836
0
131039
0
184
133505
49601
1090
0
0
67451
0
0
80643
178803
0
0
105030
173271
229556
55955
0
243003
2234
288345
133765
0
0
323224
323844
167863
0
108836
470120
15036
215101
597262
0
0
313511
4696
259860
2300
0
3188
5670
335201
0
31193
95801
34512
26809
76154
94522
0
137081
0
108231
0
0
284662
303104
73537
0
1366
119119
244776
109095
13
0
7
1342
115
0
149778
0
344989
531196
0
315303
326468
458728
448181
136947
0
123348
0
0
0
435358
499876
282299
0
0
608316
0
0
4531
153964
302018
0
0
0
100600
186004
384157
115171
0
288505
98
134153
10926
285738
84879
0
0
0
0
0
117675
0
0
0
102680
224422
369083
20162
0
179842
0
116995
18491
61224
570236
138722
92923
0
0
0
140265
0
0
231002
301745
265104
294527
62375
80
0
0
0
234
223836
0
219324
387778
145270
239903
18656
0
139408
0
440690
45206
0
0
0
85000
168279
152095
0
43018
156116
217594
404624
0
116213
0
303635
289991
0
92114
129299
52882
0
0
409478
43397
0
45647
119619
373433
60408
37551
179368
104582
165020
275790
0
0
142786
0
0
111219
121291
0
45
0
166178
126919
549992
143420
111572
0
281708
0
231397
0
387637
0
744
151363
0
54695
84597
91524
0
454
290752
0
0
163938
292686
126617
15083
0
0
282034
6200
0
0
12
0
0
0
0
0
0
103051
338069
0
368334
0
1607
209209
0
101761
0
127163
0
0
0
0
15064
100293
318383
376747
69717
0
0
0
41947
361452
357669
51028
166423
32679
171526
0
122671
81879
267142
0
153552
278691
0
240313
133047
113117
162037
535030
355740
0
0
444890
39627
204125
0
156882
198437
124866
326726
0
0
0
19677
0
0
139333
303479
320957
211721
197791
0
65865
185861
160241
204041
143607
0
118406
122602
0
85030
198240
0
21731
200664
882
0
60380
322753
187206
296783
68893
0
0
0
309299
0
229173
0
197077
0
215133
0
0
34287
0
306381
135417
206019
374479
0
0
0
0
575823
0
0
153953
196084
516402
0
4211
0
303690
101065
9937
623756
0
43963
268735
82173
17956
73938
0
123276
14145
195284
294971
209323
237930
0
0
809
0
55169
124866
0
85908
89479
453497
37793
305052
0
0
126799
152310
183335
0
0
0
129731
45407
0
0
0
0
354287
82550
315704
148585
0
0
0
143201
0
159295
102052
0
117391
178898
37305
97084
0
52103
0
0
0
105355
241359
6
262364
72156
0
177112
362875
0
0
154722
0
401011
0
38955
308415
197417
173768
343882
82074
23
0
0
91569
157718
0
0
244946
1195
171940
0
0
68100
26109
493084
383195
0
5685
346371
0
133
42287
0
0
127915
18709
0
78519
80205
21772
237413
310
103748
0
536420
90148
368537
166743
211413
0
0
0
123435
229188
205760
0
51800
0
153938
132061
0
326411
0
0
293794
0
148564
0
0
40700
187992
94131
536879
144352
0
0
0
0
293467
410
356092
194461
151303
31260
6292
96389
430673
50909
67037
0
0
93976
268172
277011
0
416982
0
84574
428461
0
0
200403
356779
120875
324094
97285
2691
0
237050
445953
243543
0
116618
0
0
204424
0
114719
103211
188571
0
0
22900
17947
113368
8846
187392
193079
0
0
0
386042
281047
133161
37634
121602
0
0
1471
18217
86291
187239
0
0
61284
0
0
123876
158437
83481
47739
267917
57460
0
85161
29646
461947
0
118489
220822
0
129447
0
270363
99514
0
0
0
274944
257453
0
0
301195
0
96463
115231
0
258692
0
94162
0
224829
0
3848
0
0
127290
433892
178993
0
124412
0
49844
161603
153537
0
345651
276914
405666
0
0
274258
14757
0
4793
0
101205
244304
0
0
0
1
0
183459
0
47489
521379
106557
38806
0
284919
2764
49459
311257
255731
103141
0
438166
12992
146572
0
524
0
382955
286731
0
61984
0
203484
0
230
0
357773
236
318278
0
62282
0
228207
0
139822
405934
185960
214617
16035
157092
0
0
0
321483
0
143669
0
0
270808
117753
0
443251
0
300080
93490
5154
352908
195842
492064
340550
129586
0
91269
0
0
0
139413
0
0
232122
0
157842
375165
389597
0
88551
44506
87497
0
0
64377
0
104167
0
90
2363
90890
0
108703
30642
369779
7365
0
192569
57285
134567
284817
0
0
0
212763
0
385768
0
200548
0
68729
651862
136639
0
0
0
3229
401722
0
0
69066
542095
23024
98933
0
0
0
143385
81713
0
0
0
586
171862
184783
0
135517
0
0
113988
209375
0
0
157462
99499
147094
0
28013
0
261560
190883
116013
23299
71673
142706
0
0
12810
0
2694
0
35647
10039
0
173249
230631
246423
0
203851
159430
0
160788
27965
0
200968
505628
30434
95233
0
41845
15701
0
0
215146
0
244
29572
93422
136098
695
33354
171375
0
3834
47214
35031
0
0
0
176954
0
181994
9277
0
54899
0
219389
0
317
132607
0
0
52852
0
523918
486204
315646
123515
269011
550631
109323
1362
159375
173
271159
87939
0
0
25597
503321
43423
145037
0
404886
0
0
0
113569
255604
191720
113312
1099
51170
0
0
0
217089
1113
0
242676
0
39175
189014
0
0
188320
0
50925
226344
196551
0
0
0
0
0
317176
84508
189021
82338
114343
0
0
18981
0
185650
37333
255525
167370
178686
259872
0
0
96890
3906
0
133030
157955
50516
225947
0
82253
0
253841
175212
279144
170114
168
0
64016
87249
125560
342952
177660
55198
37052
0
0
8756
290491
311500
48867
0
0
3
158105
0
247389
74991
258145
238919
0
0
0
209132
163620
0
204870
232683
0
0
0
628030
41329
280532
0
155457
0
0
90298
196918
83660
231312
153319
238428
161038
0
0
225448
35088
0
0
341171
169672
140308
401709
0
66249
181040
432934
321443
0
0
289387
48274
3237
99099
432013
0
4243
1
100370
688
185494
0
0
0
0
72556
0
32397
318800
392287
187506
263803
0
180096
29941
98654
0
123009
243840
90378
0
0
0
122294
28726
21189
0
181346
0
0
0
277988
194031
0
107670
512
184
0
194184
0
34294
233247
0
0
69371
448424
0
262024
358407
39486
316351
46871
0
20968
0
0
390833
2325
0
20589
177061
0
180242
355817
124403
27302
108670
88250
0
149867
71836
0
204748
563
0
0
0
37594
190677
0
0
0
0
196756
135004
210850
0
1224
4787
231
0
120340
132740
0
43425
192727
328080
8649
327525
93833
175663
0
203580
200047
338491
496213
0
378459
26995
515686
476299
578934
255231
180952
185179
216037
44447
523467
0
339691
0
77807
181825
0
35070
305993
254524
68034
974
0
2834
39608
121433
377994
219370
2314
339521
0
0
0
350787
0
38127
157751
0
0
111787
60656
0
319750
53487
258022
130630
0
0
0
0
169431
164970
149020
229376
335818
47909
0
0
0
593544
0
78604
158105
0
0
234148
47
0
0
164340
0
288394
262616
226649
129939
109834
0
211100
0
0
310953
0
0
151201
404486
322124
157171
364459
0
0
30886
59165
18401
136817
364005
172037
0
62008
197347
145921
101618
119145
0
314611
5863
285895
147364
0
0
66910
0
345052
364039
18
0
103283
0
0
168696
159475
205812
195274
344082
408675
37663
0
45167
256208
229230
0
356729
14771
143009
335044
0
0
0
135073
497757
149850
166813
0
0
421295
24092
297251
62860
91644
205579
7058
1810
0
44379
113232
0
0
231075
0
0
132857
0
71928
176874
136227
177808
0
0
0
280459
0
3850
42257
0
138074
135182
140253
233508
257789
165377
0
129879
1282
0
0
175199
0
0
181014
0
0
0
49816
260615
0
290305
22638
0
99962
31230
131396
77372
258871
0
0
3931
27826
0
170678
279406
0
865
333305
163028
0
0
0
0
0
89703
127980
0
0
0
129022
413340
1759
155584
4825
0
426487
130864
192155
0
179841
0
280483
209136
210040
350798
87263
0
0
18952
164393
139675
49521
0
250414
130519
0
81733
87520
35551
209677
0
62
168592
181919
0
0
0
0
0
0
0
262445
0
132203
212653
316363
2087
48307
5189
6725
94550
182388
2913
76907
0
60888
0
0
0
145544
63451
237803
0
314708
53882
510539
198218
0
0
207954
10437
0
119568
225905
0
349042
0
336961
302558
122515
183843
0
1682
108989
0
276558
348999
0
1532
0
434034
0
0
0
0
0
376820
354557
0
154946
171219
51117
87672
0
128172
28023
158370
0
389267
36558
577901
280946
0
213724
78769
84338
0
0
114929
31360
15049
0
217623
0
0
0
267056
212720
0
107193
0
234738
127495
0
0
88938
436039
124561
246194
0
178938
985
0
231776
394761
172386
167141
395781
0
196634
0
0
2217
54781
144646
93
57479
0
0
0
121608
133108
64439
0
0
0
114351
353735
157879
268832
341373
117804
212430
20016
314653
312921
14967
364954
319185
43055
0
0
0
27098
0
0
7947
289020
587430
0
291854
43538
0
0
242323
75663
0
299700
116133
15879
249747
80687
255500
0
155377
33809
198802
0
0
169167
80937
119411
234887
0
0
3032
234918
647039
248173
0
115339
119514
338869
4607
233482
303261
0
0
337677
0
0
78517
0
91
199586
113570
0
72159
103927
180689
368147
299035
0
0
0
57976
318701
179568
243772
229904
0
0
340700
19402
416713
0
0
24366
94527
241393
0
0
0
0
0
49829
0
1192
0
73707
392167
0
593781
173833
134966
0
0
123380
53746
94856
134597
0
20580
201900
135478
292062
119030
360284
0
0
0
293057
248430
136253
284120
6120
0
0
429577
203151
422237
184067
177465
44
138251
0
304853
0
0
326650
365488
0
535163
0
9882
358288
408569
80219
0
0
0
0
146905
23589
21748
150747
26772
416746
0
0
53338
239096
0
469450
228774
65481
519152
882
0
81064
56897
85887
0
58852
297518
0
60830
2949
250910
166185
42793
141531
125704
129738
594585
226822
162292
289239
85911
116795
130328
93387
400320
0
205925
0
171658
0
120571
2746
173853
302653
61223
197178
0
278814
185044
238630
0
29898
0
359718
319859
193147
60336
369435
3990
68523
0
449027
0
39868
0
0
555424
208911
0
0
145658
8
435381
273808
221865
0
239122
127535
369153
0
55970
184292
207374
314610
49191
0
0
0
117343
0
107356
209217
435849
59820
335243
0
0
174708
118637
295991
0
210514
235058
95856
0
0
203692
53146
229463
251352
0
0
214620
0
212237
453183
0
0
236245
90403
30231
0
162722
0
0
517037
0
232104
274416
120987
319614
321821
0
0
4475
51800
0
0
0
114430
503068
279960
0
124542
0
66954
34587
114749
0
0
222247
0
199447
0
92661
207641
0
0
0
0
0
32171
192710
103521
0
163731
328131
201660
0
0
267874
0
0
85428
428155
553
0
0
129716
299885
128684
138812
126398
0
134200
276171
128140
60014
114823
197272
103869
192678
0
212331
191
0
0
813
0
281851
17794
0
350501
0
114878
147275
0
99570
145078
0
32544
0
0
41703
0
151584
218862
15481
182219
51508
0
9
281411
243605
0
0
137585
173164
34783
74102
0
0
0
0
166120
0
242368
3878
0
520631
187197
449094
0
35693
129858
431446
10390
26016
41435
64757
62815
96373
91043
0
257282
0
75204
34966
85235
0
0
0
2061
155272
4047
0
0
196106
0
4672
0
0
132739
0
0
156484
45769
265414
0
97240
0
135641
258483
0
0
303890
272215
166163
0
7691
0
0
230154
108583
0
5511
0
0
0
0
0
41341
0
210417
319630
26302
474635
130889
514030
0
111483
0
0
417750
93884
0
0
215553
0
451474
218406
100047
2677
47
409476
515014
130247
196903
144097
0
273565
237912
235199
0
0
0
0
166429
200952
161580
5652
108207
456347
88981
113650
415721
245231
128874
0
0
0
0
325397
0
229899
0
3678
272748
0
0
526
0
1747
0
254
7
0
0
114806
113481
148159
344323
0
244721
300756
123404
0
175879
396943
0
0
0
0
169370
16681
0
315271
242300
633
3025
142602
142342
381871
284136
0
0
0
274819
52457
442958
311765
0
18241
0
129468
533927
153980
0
0
272460
0
0
365571
349877
0
0
66219
396025
0
0
0
833
733
0
0
96246
139013
0
0
103908
57269
0
68773
12996
557052
69698
265603
0
3666
0
0
228932
24191
56114
11516
0
33044
3666
152575
151628
140246
0
153174
161141
0
0
0
0
14845
190815
1312
0
42466
228996
0
364333
470115
47355
160725
212414
319180
167989
0
260478
115532
0
298033
53102
0
0
2084
9255
638
411372
179667
237042
0
0
0
0
292962
0
16197
0
18856
363541
144627
504092
0
117521
115726
245075
0
96878
254136
210778
0
20320
125767
145573
447101
26659
394683
0
120681
108485
0
319636
184176
73496
31028
604226
0
0
280523
143820
369715
0
166825
0
0
0
0
0
72561
230890
0
204391
171535
158794
49920
0
0
252213
277178
332839
12
113980
0
0
0
0
36117
177868
365553
172181
27198
168410
0
43876
264486
26761
12733
277628
568031
258085
0
135275
171623
2879
111778
36308
167616
0
0
0
0
85290
183730
425449
235046
0
0
247926
245152
56
237038
0
31260
0
342106
0
299817
202488
138402
0
22321
284992
266753
304603
230106
136725
207886
124005
0
129898
28523
306494
209818
72530
346238
322402
15705
296307
74212
0
0
0
98471
406297
380965
416412
30265
264253
93584
255748
89083
0
8565
80632
0
177464
132714
0
431725
100145
0
109465
403576
210127
158341
173646
88677
139026
22284
0
0
31214
64558
0
0
0
20583
0
0
2739
187836
0
14183
0
6596
0
0
109699
0
250727
196586
158173
74314
142090
0
40935
0
0
0
0
202433
152001
239133
0
0
0
99718
159783
83377
2678
0
0
148331
326436
32653
0
36070
290080
202469
457006
0
0
0
451064
198663
75649
118735
0
162582
123851
419578
545863
4688
56136
140479
225362
95927
242733
60250
0
0
0
144581
0
317200
266261
151124
0
129946
0
0
55613
138145
77539
165460
245232
38457
1899
90679
153858
56045
0
0
0
220108
260072
410252
52447
134473
35247
62
110052
130340
0
418498
179780
0
0
0
360299
198134
122204
183689
0
0
67292
204359
148553
0
171161
0
165781
88128
595959
193411
3249
260837
180498
164644
210041
4758
415431
0
205809
26951
0
216176
26
403539
0
0
149753
47929
162404
192712
356822
268637
0
33643
48300
111965
0
0
0
61033
25965
0
65625
116938
86864
285427
324949
41634
194735
0
51490
129129
301858
0
178073
0
218015
395792
0
154735
986
343437
85694
1057
238889
839
3173
0
111958
161733
0
0
160931
56188
0
1139
47100
0
153183
305390
0
214408
15651
199910
91438
231813
301437
270107
1463
128373
0
0
91872
54249
48086
89716
59785
389388
96676
72732
242796
0
0
76301
69583
0
184630
330655
0
1761
89372
0
0
0
66875
37116
0
72345
0
168971
0
0
74151
40851
60796
275248
0
230578
0
476868
0
91690
0
433830
0
230258
321371
357390
60796
140287
29828
147738
0
177116
0
0
26098
0
140878
0
0
0
339413
6147
283610
171238
0
5250
185552
0
30194
11812
0
0
315471
291548
351976
254761
0
0
47782
62662
54604
203651
0
0
278559
0
173887
245399
278096
150155
0
117552
95213
264934
0
369630
88785
185957
240141
0
0
89043
0
0
0
234995
0
40252
192897
81537
314946
264884
0
19948
0
235187
0
120599
123545
38896
0
0
0
0
0
0
365161
322582
0
402029
159786
112538
161899
151017
9875
0
0
6777
34723
299209
144518
0
340127
260978
249729
252676
264911
342164
36094
96163
4254
0
0
0
0
97712
139044
110432
839
217607
12
50010
250257
0
0
98765
282360
59140
0
1845
736
0
0
0
0
288504
770
3090
76860
0
18321
404814
531485
269324
173186
140362
0
0
0
0
0
0
117799
552440
0
0
0
289823
140165
189246
196913
71818
287793
0
292
448269
247057
0
429659
431534
99696
357202
0
1494
350721
342954
395601
146541
449012
0
15
0
294262
176385
9616
82299
42931
151023
61849
226354
127646
0
0
276200
0
44289
250939
0
0
0
297770
158490
321847
0
90073
186731
221706
363218
90116
27094
220231
7895
482555
0
0
0
156108
82549
0
0
0
7612
411918
295202
0
0
19896
0
42389
89738
59503
376773
350649
0
206544
457753
206722
0
0
393115
52062
161830
434470
38163
0
28044
59938
441522
285299
458743
225929
45430
0
283915
223320
0
202113
0
111718
293261
0
356871
132848
31386
0
0
0
289318
263817
1493
0
0
509237
232529
0
277767
305108
0
240445
0
0
869
156998
92165
100971
490369
190654
210555
173354
0
164014
106744
33909
194143
0
342934
0
79864
0
181856
0
17812
204581
18497
0
0
231098
22348
0
0
441793
32591
523629
69895
639773
0
0
0
209914
0
0
67695
314217
0
3054
3558
123507
95518
142655
102300
235289
243558
0
279166
167193
55031
221367
0
83017
43319
39
256734
0
15987
280343
216511
262053
0
261055
32750
45977
0
120786
0
174867
134494
0
244731
0
132486
135879
0
0
0
20007
282906
221774
215521
118501
459100
10910
0
254242
340814
0
87605
397962
71852
359779
518304
243426
0
17765
0
0
0
245124
418036
0
0
44684
199319
69564
0
11280
0
0
110651
200373
0
543263
0
0
130977
0
0
235430
98535
303390
330903
222686
0
16835
120415
25
85004
119614
45472
0
934
0
487978
54228
199250
254096
0
1411
262405
598242
2863
204801
272667
88651
292566
240330
0
0
3736
153377
183482
0
0
120027
0
156859
513
2932
192530
297713
4012
226142
122134
0
370906
150814
61321
147655
119096
330
306219
143268
120149
0
225878
0
0
210256
0
0
0
0
0
585287
270118
181364
0
216653
175343
251392
133306
100525
0
116930
0
50
112566
0
237293
0
0
332084
0
0
202973
4991
208121
143893
99189
538369
0
0
4896
1056
0
115174
0
0
6149
255485
3539
28878
158536
189432
48662
0
0
52287
67179
0
0
56453
0
0
169107
174439
33843
232786
237205
224881
1988
226427
201421
78325
63942
384607
0
184140
181204
0
115245
2043
0
0
396868
357483
216869
170072
0
67562
0
293904
8738
132294
346222
210254
0
1714
179438
266813
0
170121
275
0
0
26379
88397
0
191660
0
86222
168776
274096
0
0
0
0
139440
213987
42788
0
99273
227468
68938
0
0
0
0
0
248913
0
208086
237986
0
0
0
180656
310409
121524
0
0
0
8485
1418
1320
101607
213913
325788
16726
0
57664
498866
145676
25382
84770
0
0
382978
161181
118888
0
0
0
253787
268805
30022
0
0
0
424
240200
32861
378138
162190
0
171627
0
0
97037
0
196057
0
39775
306476
61
304005
107009
0
0
0
0
337896
186535
430976
1720
0
108530
99268
242263
0
114127
3544
37958
189825
35294
100872
135685
0
0
71134
0
495057
189525
0
0
0
130987
8909
228298
0
819
105838
209723
0
0
193669
539427
0
0
33731
87924
187019
241307
0
0
0
261
138457
88815
0
0
129901
2243
531921
0
137647
260637
584545
0
0
0
0
0
70907
153776
0
215089
219956
0
5
376980
205686
0
32876
83441
428884
42180
56952
250920
106649
416837
45182
323919
166656
209859
321470
82161
287567
0
57006
0
0
8698
0
38496
0
103353
0
97430
207539
1
335957
279408
186721
215351
422139
92701
276541
1521
181768
227703
0
0
82124
306206
180584
911
262695
199669
0
151282
53543
0
0
0
0
86307
18386
62058
518135
4120
303340
196349
283168
0
0
83139
0
0
0
96882
187677
217796
0
442314
179481
104431
441319
339120
397600
140406
1179
244089
526232
295443
514866
0
124852
261624
100881
0
0
2854
198770
0
0
0
0
0
13657
305110
59706
0
0
264630
411028
338009
307563
0
314154
111
0
362873
20177
148998
61439
297581
0
1772
0
0
238223
89667
0
82501
298683
10623
389119
0
337386
188401
123989
0
140004
186489
127283
32298
232847
256154
103733
244529
0
0
304954
0
0
264225
281354
168164
0
257373
0
233683
0
0
100115
141874
168599
0
429098
0
273644
0
47135
197014
234792
58238
71238
84095
570584
111702
233259
231830
0
872
3861
0
0
272236
34119
209212
475334
171059
153002
204717
56269
11
274120
58427
227399
0
420658
33837
253619
255117
0
0
0
210711
0
133975
291849
0
172648
185727
279319
0
0
155391
172841
0
0
0
0
406
157416
0
0
110327
235721
0
0
0
0
0
505419
4570
0
79108
247769
28226
118961
293941
0
74
53104
0
280206
0
0
302401
40168
245574
138231
239099
0
0
0
0
203197
264699
0
47886
0
0
182929
0
0
0
79777
100665
153257
14
165395
98644
262881
7875
56
137573
0
235684
0
0
287948
253150
174980
242242
186176
228430
0
98704
0
0
63666
0
69883
0
0
0
0
192993
194963
642
196990
531489
482024
25233
233860
0
322475
141255
200707
166
1593
0
11098
153291
0
424393
168050
0
275322
483561
138424
0
114310
132574
125817
0
319217
152982
34029
145625
154940
161952
316623
214907
0
197254
0
220874
0
0
120406
213569
212134
220160
0
63664
10877
95583
575
333269
238611
0
0
0
0
241293
322104
0
0
0
160533
91527
41862
150373
77189
0
78937
253890
0
140140
0
53128
446798
0
0
239734
0
101975
385722
0
361214
0
255504
117452
170699
213183
121834
0
95786
0
0
213337
42641
156919
341744
0
447149
201810
220629
157872
0
0
74528
0
196491
373156
348345
0
350
0
0
274942
0
0
18456
0
0
57750
30433
87350
204930
0
0
0
0
73091
121913
5306
84826
105126
43550
0
0
206797
361543
20531
0
0
236974
286066
0
351633
184110
34357
295894
309700
0
326110
230049
0
189146
1475
275895
0
0
0
586126
15659
969
0
0
155525
220525
0
0
0
93752
185973
1451
0
0
143909
123484
0
572862
0
230516
21999
201467
85878
120599
283275
113655
0
442508
327914
62516
14395
118100
0
218787
0
37126
0
0
526544
0
0
320406
64820
0
0
155153
64516
0
204435
146362
1152
113311
316545
35824
268497
54781
124877
209697
191456
272162
1424
137208
47594
1950
226038
163043
198813
262215
134950
0
0
285267
257832
108778
0
228914
0
16873
105177
0
103456
199000
44724
120972
62101
34119
0
193878
0
374735
0
3138
0
259899
38465
0
0
72913
0
0
0
0
0
0
338076
169772
212815
138634
655656
157545
0
0
187459
0
0
16103
0
3181
393848
270627
304614
43566
0
38792
0
159643
103015
131048
0
0
0
29893
105664
375309
101074
1518
148988
244339
10109
0
130659
124457
0
0
0
40026
43482
88545
0
423792
261997
100394
0
316967
0
451
0
153369
193096
207277
75972
113700
207324
0
85
274297
364459
21976
215750
89864
14332
0
24542
410609
0
0
30281
137486
0
199274
273239
318948
45947
0
0
0
2458
17352
181019
285259
48886
0
372831
369780
563634
299699
0
329408
276208
0
0
256891
194726
103147
2221
111295
424
266648
291590
95525
0
139781
0
0
3523
186967
0
0
89992
51060
0
36673
86685
15301
0
1419
0
111822
171597
140220
170299
390242
0
336662
15338
174560
62885
188975
137753
17715
255632
0
0
306709
0
230224
0
55292
0
0
250994
0
0
180080
159813
482505
397045
377846
0
59729
0
41860
0
0
0
110476
22796
358725
219499
0
9
0
181286
313
188461
4111
2241
290124
286907
168748
123331
0
138644
0
0
0
22157
0
0
96912
0
1333
50189
138761
159915
6887
161935
78502
423164
45842
86132
35724
0
0
129428
180849
469169
846
165864
0
33780
271776
0
942
27760
0
341694
0
10289
109472
92496
0
0
201888
176925
237143
0
2177
0
0
0
0
0
303
81659
0
83830
188465
145638
132809
50358
126950
209484
59750
0
148043
0
133123
215791
22468
29312
265316
257787
186804
0
0
1000
0
2551
5
124534
527418
0
2299
0
0
344522
124025
130631
0
0
83558
418727
223530
350991
0
0
0
112127
0
16223
134206
505
0
130105
138402
0
97948
0
129670
0
0
127931
156315
116800
0
0
315385
294784
331068
45545
66437
0
0
100415
0
36932
279757
0
0
0
6063
81429
290318
137256
2995
5700
39901
0
0
0
0
17686
169727
218226
788
0
2034
0
987
0
88955
0
234591
122517
731
477104
206404
0
0
455017
129449
249813
119316
162595
9350
239946
0
0
0
258186
520812
0
0
207160
148024
127035
0
55535
31246
0
227455
291598
0
497
166179
0
0
0
114172
222874
0
0
0
69727
196331
133638
21417
65978
221
0
321692
0
362920
0
0
319380
78145
2089
306342
1302
0
124
0
0
0
61334
0
127330
491989
0
0
0
0
297488
0
0
315644
536207
120300
0
0
180215
0
2330
0
0
34902
191665
9846
46752
237011
385630
20812
0
417
0
63114
0
283519
319367
226305
0
177921
0
0
276086
281589
75703
143301
40126
79804
0
210307
0
0
296334
0
588474
0
0
0
0
136164
222120
402489
0
7190
330084
289145
0
0
228
0
165767
33234
2474
0
183026
144543
111630
489459
55973
130389
219171
0
142026
595762
3241
0
0
143599
241067
0
462814
78566
91189
459527
1
162410
0
0
257541
138991
0
87402
0
0
0
0
593353
294154
280108
0
0
60431
74574
190566
0
0
82115
0
0
431865
335134
0
0
408382
0
75536
0
154560
104
0
332978
3581
116332
140701
54316
0
214111
0
0
78909
99900
243261
142044
100005
35187
68672
104758
0
184101
326541
0
0
0
101556
0
5
340808
161889
150987
171791
338582
0
0
0
0
381135
308879
103764
125759
0
94
143193
36659
1631
30433
614755
601849
202979
50726
207852
462904
0
0
0
0
0
0
242402
344857
0
996
73010
0
52584
0
270114
360367
0
176650
227784
114429
306740
0
192807
28292
206659
645
0
56127
237205
125727
257895
21506
0
0
0
0
0
176055
98074
143368
12860
211527
9200
186495
119666
159186
426085
0
786
6809
0
0
0
121478
181945
27311
1822
0
0
0
352181
117674
0
46810
97953
0
0
0
0
344930
0
258614
48095
0
0
79300
0
30507
85042
281357
301760
131999
23
0
0
218
3
194326
0
0
0
173654
0
101750
0
80541
271943
383894
143678
532229
4172
0
0
0
53049
167551
247647
213355
100257
161757
3538
0
2289
42168
324745
4381
0
0
0
179549
93290
242188
0
123736
457365
200844
2436
136858
0
128105
0
110676
290588
123616
0
0
1119
67833
186417
114201
117796
527424
0
400168
199633
204111
0
0
221056
514904
381447
0
0
119625
0
1885
173189
1411
0
0
210772
0
33984
48506
0
0
0
