0
73682
148421
482562
34791
0
122461
0
116463
39277
0
0
0
0
37722
20538
0
16407
0
24554
115615
149709
124249
46517
17759
0
0
0
663
42
0
0
107720
0
36209
5353
87058
373224
56640
0
0
0
22643
1617
0
964
3582
31818
65937
0
1794
130889
0
280725
15300
0
0
222168
115262
115543
108078
320214
0
0
0
61466
123058
0
2140
0
0
118719
0
27999
0
113093
276
25502
0
0
447486
0
1039
13753
0
79405
123542
47177
0
0
0
31409
5445
1330
0
0
117341
50246
0
0
0
0
3085
12292
526692
129664
0
79906
64144
0
0
151556
36297
7083
0
0
5479
0
0
0
139631
76724
22470
122749
6792
42178
0
0
157115
66413
12824
294860
0
0
0
175148
16275
17714
0
37959
0
17902
0
180861
71457
0
3044
1588
0
2265
6196
0
0
0
0
0
157839
265267
44600
65296
0
0
113287
130407
236829
49089
39959
2128
39085
39062
7899
40755
82628
154132
156260
4001
0
37049
575
34884
77944
0
0
88
8468
189542
0
46146
31579
28870
18302
60509
0
54164
36
0
41224
75008
14374
50808
0
104525
0
16604
59192
5792
0
132169
525615
0
0
24810
240789
0
88898
0
0
147719
41382
487034
33705
503784
0
143812
0
4101
75219
185311
5175
301958
0
0
0
180082
34892
0
83232
0
0
83052
13159
0
48377
0
55093
10055
41525
73980
5772
0
0
441234
151185
52841
71194
0
203880
110196
0
0
105819
63198
284408
0
37112
0
123461
80410
0
267973
36128
0
0
55634
0
125817
124531
44382
238668
30
0
90630
0
0
6035
62451
0
0
0
45882
268805
89214
0
257639
47783
155852
0
0
76774
102784
0
0
0
106549
178262
376250
45953
72335
40596
0
0
407651
153188
0
0
1186
213165
0
0
236491
0
227477
0
0
79287
269
8997
352001
214537
18758
0
28135
58977
86203
244675
5917
0
0
9800
144669
0
7564
241085
635
37507
210266
47138
3460
33760
0
9076
0
0
138594
11825
373
0
0
0
33196
60852
9871
146656
9
0
69
4083
125761
0
8521
214757
7075
93694
0
1146
90190
45133
80438
0
12301
22874
188843
102479
0
0
198271
14288
0
35899
474520
0
0
537
39049
71330
97551
13917
137723
76676
0
0
0
0
0
0
1340
123895
507251
0
313154
0
76303
63480
0
0
306650
39974
13412
49486
119910
206914
4362
0
0
184951
65746
0
173449
180382
54557
203
9036
133323
0
92829
179074
134959
0
51255
63103
46759
0
0
73600
0
0
0
0
0
55438
130415
281186
40835
0
60845
11433
191210
50394
0
0
0
85
31744
227626
0
5050
0
0
200248
42
13778
0
0
28058
4099
143282
43592
0
52865
0
0
47854
336
61381
58
192169
135353
19238
5071
203024
0
0
0
82203
0
20306
101617
0
238749
132941
24738
0
0
0
134854
46791
102225
21453
24798
314429
0
203774
38
0
0
47479
1793
24381
122872
0
8191
312501
0
8281
198098
12274
23842
283
11723
23718
71968
82526
0
0
3913
6628
225004
72256
12111
0
51029
58335
0
0
3482
8852
0
99132
32618
0
95122
37160
19926
72134
26341
0
482719
1494
0
50401
151787
0
31893
0
447
0
0
20619
219
80194
97546
264612
175514
167259
510
136413
638
0
0
0
0
6930
773
153541
225112
117
160002
611
289542
25080
0
23493
0
116248
0
18689
199292
0
82111
0
0
0
122
196006
0
60615
179735
135083
456739
469870
27153
0
0
65731
40923
46131
0
0
38473
112642
34205
1701
0
0
0
99148
555776
0
163
17965
59364
0
0
47807
5782
9544
512769
21943
23947
0
16791
200163
33167
0
646
118429
19635
114573
0
0
0
0
138550
20081
102242
91318
0
0
105827
0
239067
0
9462
38159
0
0
537
6398
159693
628656
77235
0
11811
188397
135447
161395
35569
0
0
54040
75023
527225
281
39995
0
60357
71351
392256
0
0
0
137793
30654
14061
0
466539
313649
31964
0
45126
131102
25424
204834
0
30300
95614
0
0
48823
54914
132078
36804
0
0
0
3360
45194
117625
0
0
11002
16555
40364
37036
39467
262661
444881
67213
176220
0
18187
60105
38401
0
0
120914
38577
534286
0
0
0
0
0
0
370228
199093
22633
0
63548
0
39477
76695
31525
28620
0
2084
36023
47039
0
119537
54680
417
62612
6682
62957
374047
224675
26532
0
0
35733
0
164988
0
0
0
0
32305
32787
0
0
1397
31752
18
6496
0
165814
0
135596
56086
368597
415652
137305
43217
0
745
0
74231
0
50096
0
8848
1079
198077
9911
39961
0
0
121660
15327
60749
0
28983
62670
120855
33126
0
0
5399
130802
3870
0
73013
21236
24498
0
38308
58371
45597
27691
271501
257459
66391
0
0
0
131173
35330
22712
125151
0
0
86618
194814
18919
38679
0
57602
38958
24150
41286
502587
73639
59107
127115
9
0
28907
25400
14972
0
65279
0
0
45866
26178
0
10856
0
91415
4177
45536
145889
180647
0
0
115753
0
128794
44518
67748
81818
0
36
612
102514
204977
4340
93799
85787
0
151360
131154
69341
5656
147629
210163
130700
193729
137671
22622
1243
226655
526262
0
232897
11495
620
81168
0
0
75022
5
0
27808
69840
29544
346676
232
209296
234899
0
52107
73444
116392
34773
177866
33928
0
278814
92766
0
0
246593
0
19691
0
127695
0
0
65017
538448
51044
329
0
0
0
305
75353
267369
282973
421
104652
0
144275
81914
8430
0
0
316
110333
274
317115
0
51149
74019
95187
0
60049
0
54949
0
76201
0
13935
32855
8230
55044
33167
680
0
27874
197087
190300
0
22411
40165
20752
43736
148607
37244
32226
146789
0
0
0
0
118578
0
207514
481822
0
0
12098
79137
0
24825
68738
33114
0
1038
0
6849
174944
214385
0
0
19940
11490
0
58380
0
57294
0
0
5453
154421
70
0
122846
265051
46662
48307
391959
0
4442
0
4909
0
0
998
0
348983
1234
21429
2005
62873
13523
0
338615
0
0
77726
38045
9225
69296
90
0
0
0
250745
77826
51115
0
95648
331009
52789
0
0
0
0
0
105886
114490
73234
0
6745
24471
82580
30533
0
38918
80450
0
0
62640
0
7810
204200
37334
334
140181
0
0
0
8963
350235
89931
124092
0
0
0
180114
243391
167299
129152
0
0
28016
37794
191822
125558
0
52106
10062
12804
0
343
0
19071
6114
0
29751
0
76291
0
0
125129
79514
21029
192497
153727
0
0
0
2173
1700
20184
288274
0
29525
0
0
0
201534
0
0
39290
0
0
0
0
2480
0
209
0
0
0
24408
0
5886
0
79903
0
5305
0
0
0
22071
44916
481810
0
0
72451
26533
23869
36522
0
0
0
603
60316
0
0
0
298242
13671
6
36150
0
32539
10937
127005
65577
174092
0
5215
0
0
46219
11571
160921
2417
11529
0
0
0
15727
0
0
81525
200780
29121
0
0
182265
64566
52091
0
219357
133
333
57671
0
0
0
83361
3236
224330
0
0
124108
26201
42359
0
0
691
150868
136767
347
0
26957
24229
272605
14677
73922
0
0
419
27226
417978
0
135981
86871
29
152553
49139
0
0
0
124855
28751
81324
122472
294559
0
108882
28249
32676
12238
0
399
7656
0
156468
65466
0
30472
15856
63628
18901
32126
0
0
117662
842
1115
0
0
123266
10680
83199
30762
312293
0
44258
0
30263
145100
151700
5501
80771
5078
3600
269433
63308
19193
42875
134279
87479
50004
3634
2071
58471
26062
46886
43034
71826
29763
0
0
0
0
0
1246
0
191672
0
77207
585089
71
0
100101
112776
45826
196250
0
0
409983
0
74286
76542
11994
0
0
264523
89898
0
327915
55820
0
9149
0
0
6128
55490
21177
0
160460
193178
23142
14365
154817
0
59392
0
7966
0
0
131362
195036
0
27614
0
0
0
281923
37955
68898
171188
0
173083
0
24373
18
53227
1408
58152
44173
0
0
236789
153858
88226
209013
67488
0
0
0
138307
812
0
169148
0
3455
3633
43201
157577
1002
0
0
67551
0
69726
319965
59231
1133
0
210
0
30834
8309
0
183956
6294
25325
0
21854
8643
0
0
227085
0
0
0
108555
54318
0
0
130342
124386
263141
0
0
2498
0
0
178296
0
0
0
0
138965
74720
0
63647
153673
38403
0
21166
84910
0
0
11204
0
0
48190
113853
0
57919
254159
212308
0
289702
18139
52875
5855
24338
38753
0
0
70150
0
96289
0
0
225130
0
474929
32002
148056
0
2898
0
5388
8129
128979
25508
111320
50764
25157
0
1038
0
0
141635
13445
0
193028
3697
0
135823
0
43719
26888
46899
0
108407
284930
168959
27666
0
0
0
12299
27323
0
0
29965
141535
0
0
16682
142792
176173
5130
149837
133748
0
0
0
27434
0
0
156709
54317
0
25332
32992
0
7818
18560
51642
7719
217888
0
0
127112
2500
261093
206310
0
0
0
170785
8098
4742
80551
14770
79037
56946
34594
172009
302
779
0
0
42823
247171
81413
4310
34757
116007
0
190713
0
1381
7773
550928
0
6040
62145
120019
40967
0
0
0
0
0
155
122770
38
0
0
0
0
27332
0
0
62393
74270
0
0
52967
80092
68827
28100
14
0
140418
7504
0
6593
94346
26304
11813
0
0
0
111254
1663
8727
0
352019
0
44541
18420
76697
207282
0
0
0
0
1187
0
66194
0
45665
117482
243329
5459
184256
116575
174
152400
0
25089
0
0
44921
11
0
0
26601
21663
0
48629
0
0
316849
108579
60112
365177
68655
8834
39397
0
0
415157
32994
467391
196
96133
47449
181970
51520
0
0
0
199535
0
0
0
106234
120257
14706
0
0
122569
0
712
174018
0
44390
0
19165
0
0
102137
103278
0
185212
91692
0
35629
101664
0
77833
22572
2900
16468
15364
12474
66504
0
0
0
477516
0
68606
0
0
49151
93283
510373
0
174980
53
0
0
198012
0
125798
0
0
0
24491
9924
73857
245
117418
71529
144404
101516
0
159581
91634
45730
116962
0
0
39066
14637
31181
8089
22180
0
229311
0
13155
6497
110235
0
0
0
40232
298
142804
984
18973
81132
0
2498
192961
0
0
0
3687
0
0
23
1407
644
13552
0
0
174762
10103
0
0
57576
18409
0
54208
70223
3578
0
9750
0
527
256056
224169
68872
0
305102
236599
186272
63630
510997
233780
68669
0
0
1015
29886
28600
50701
41933
170267
23582
470667
159461
84284
0
49793
26598
0
17637
4052
6
533
0
8991
277875
102553
0
0
29694
31536
127128
161
55931
31544
105104
0
129760
0
31433
186182
78887
10804
25600
0
0
18810
8998
198600
36168
74678
0
194041
29892
0
0
59
12061
146397
64121
0
6623
284858
0
0
42278
12368
77152
18294
0
3525
30150
0
67990
37574
308
28519
39112
87611
0
6738
186650
67982
0
16687
47377
121173
72155
2239
0
30657
1611
29388
8287
40569
68359
0
0
135110
83467
0
0
82288
46959
97101
32348
0
228725
0
59315
0
455511
45107
205560
0
35430
90338
14080
0
1005
0
15140
99612
0
1536
6561
45218
0
135043
0
16256
36064
0
25405
0
0
40376
0
419897
0
211104
24616
4891
0
134346
21252
27056
42800
19592
0
0
0
0
248232
239210
15522
61872
0
0
0
130478
0
34026
0
0
45455
0
58594
79633
10965
87014
569232
433934
0
0
0
121627
0
3240
107059
0
0
0
35580
266875
222032
53926
4902
0
181572
0
15354
96087
22873
177136
356225
122609
53786
84339
55435
381759
0
194680
197081
15585
308729
175168
23006
0
248
116351
0
0
0
0
13521
53
0
134440
0
118291
147496
173913
195714
156143
17086
240099
0
0
48086
202672
27704
0
222545
12002
173903
587
0
10099
158793
80390
0
47461
570823
1188
0
0
564163
55721
427370
180433
0
102581
8826
666
22560
53853
9614
68567
91921
54945
0
20943
8472
9745
202750
0
0
118623
0
84442
0
0
0
1318
5698
6835
0
113238
200115
452784
12317
272601
100042
149047
88493
410
0
0
0
265420
47441
0
22524
421577
0
60303
334786
33348
0
284036
0
64
0
139998
39557
0
0
24812
0
0
51831
37696
1577
0
0
39463
0
0
19076
0
79235
0
482547
26986
0
0
175427
0
1571
35878
0
0
46252
42417
37585
29505
36295
5149
11325
301639
99141
0
0
0
80628
5513
762
0
12458
0
129798
0
138077
0
724
99460
210427
0
220345
74192
21959
0
41004
0
56030
19445
4599
92177
9405
48179
0
42219
0
136852
145977
19404
1666
248
0
0
0
108087
0
1848
25258
10379
16140
54186
24552
0
4503
0
98340
0
17447
139075
46898
543909
536529
19443
0
0
6512
0
6755
442321
531973
3411
0
241433
12394
390
0
57777
34178
442827
0
0
514724
23179
0
197808
0
202981
0
0
16140
265194
14075
34285
0
175
145207
99938
0
0
27711
10765
63536
0
0
0
0
0
319771
1513
78424
67534
96126
68552
597563
64602
0
0
129391
57348
30757
0
0
89188
16994
0
63719
2566
41680
208080
0
172234
0
48224
0
0
6527
75498
16610
0
9
0
172089
74076
17516
10090
50986
96222
0
0
0
0
82499
192884
21519
0
0
67294
1431
7720
124855
20845
67466
15710
30653
0
0
0
0
0
118423
968
0
73207
96843
103263
0
0
63572
0
56785
29379
121540
0
390640
7443
126149
0
0
0
0
58257
0
457
1513
13461
148317
0
0
4949
7923
0
57718
0
0
0
103387
26565
14348
39852
90317
0
22873
36705
502417
62267
0
298386
41657
0
154975
84912
0
286156
194030
0
0
150633
0
0
0
121758
0
38797
41496
6092
88749
0
0
72310
68629
84413
10419
0
369474
0
0
106421
0
2527
13558
0
75524
209180
248033
203145
179058
223983
0
0
0
0
39443
0
73840
162661
71423
0
7071
0
70792
88127
22457
0
0
0
0
0
119423
237193
48697
0
0
30803
65969
0
0
0
20299
82553
39086
47315
0
81224
0
9953
100342
623093
0
13110
106819
5018
1546
83321
0
0
97362
0
0
0
451
2992
0
147469
38563
173182
0
0
0
0
0
0
76565
0
47723
79388
226883
397233
12747
60712
0
70602
39696
16123
0
0
0
5090
124833
279378
0
0
35213
0
0
0
8497
0
0
25570
0
8015
26021
32370
76043
244912
0
915
188314
3213
84425
24910
2140
0
123429
161141
97808
0
88111
10226
28188
13262
0
228
0
521
305226
14
123445
3613
91471
149642
39089
0
0
155403
0
0
6321
49041
108987
174515
4191
0
0
0
5785
24629
7086
350
58114
0
11746
0
378025
293820
21026
167008
1078
223724
13946
0
198684
32696
17581
89563
33605
37939
57478
0
0
414
59053
45876
878
0
220989
190248
5490
39572
4466
179
15401
0
14817
4
0
94
34540
11275
0
0
0
10399
42910
0
3706
173412
0
0
81277
53622
0
420369
0
30838
5720
79269
508901
2022
0
40024
208920
38497
34949
79224
0
81653
77124
89488
57343
0
137079
36447
0
196478
180990
125163
386658
19074
0
105150
0
15209
0
155781
16622
4522
145433
38078
0
75130
253944
832
37861
58368
0
0
119483
0
0
59217
0
76555
0
0
137781
0
1139
56038
77008
1416
47543
136427
2307
0
0
0
72787
147728
0
0
0
0
40997
13307
0
0
18973
0
26356
161396
0
89276
22765
0
42356
209057
0
0
0
43858
0
83527
38471
53471
0
30995
17
0
0
0
0
0
194899
0
0
0
0
8776
0
0
0
0
459477
0
0
0
349606
47938
0
1603
2301
93127
0
70148
144284
11128
0
6
157259
9739
0
0
259775
12449
49521
0
159441
21077
0
0
180002
2788
0
21527
0
0
41065
2306
15
0
0
0
73722
9550
9102
0
83759
0
175423
143533
54655
0
94349
0
238520
439084
162555
0
53121
0
40806
0
0
305415
364720
0
0
0
103860
0
109492
0
8150
13455
0
110062
18766
0
0
0
16334
0
64233
45410
47627
67
12425
148268
6809
29847
43751
243042
5627
93918
188390
0
0
0
13075
249950
73922
4071
0
0
103306
103735
276050
55755
0
62678
0
0
2513
31877
220323
95520
781
74991
127503
0
3216
0
27251
25603
16
0
28211
0
347277
69438
0
196301
0
3563
100773
26044
0
109124
11238
323
7066
0
128920
53572
93042
0
93117
195566
612457
122874
279984
120329
0
315143
97796
44997
103464
0
147690
0
0
216768
40767
67506
0
0
0
19697
0
131295
0
0
119420
76235
44454
1496
62
16847
7702
149412
31986
0
0
413
0
78591
0
115382
48882
73625
369
0
0
21563
67976
58954
31952
142309
66437
100
22320
162369
208974
60
29923
0
79603
163577
11315
0
88186
97698
49215
0
0
0
78218
0
31226
150411
53634
50082
356421
75714
0
0
191571
190685
275
73636
336502
21494
25617
38697
56828
31485
1301
59088
0
128647
229
78498
8183
20466
71417
113520
31045
24173
106927
0
0
23978
20191
57024
33554
128
37657
77521
54162
58976
281452
0
44520
57926
76480
7759
126039
78853
347492
0
5190
1
0
0
68921
72450
148424
73256
148263
148431
0
0
0
0
0
0
45358
0
1418
54831
167286
143310
0
0
0
65872
0
7967
76015
24676
175609
4561
224729
0
0
64193
26814
0
0
0
154873
0
67515
0
104531
0
0
70705
0
16491
0
8490
580221
0
20240
134743
0
362222
186831
0
4
188692
0
90105
1864
246555
21191
0
0
0
0
4476
546508
31212
0
28423
4579
46013
39429
30621
0
15349
49635
169992
0
39111
44582
0
2343
60420
35449
0
0
0
59274
17676
232040
0
71311
121963
94209
10594
171180
0
2641
0
66429
0
0
103912
34265
0
0
0
0
154153
0
0
163778
171701
51392
303088
11618
0
49208
6866
69679
0
42527
0
104253
15364
0
121546
486972
25192
0
21162
37730
0
0
151743
209642
74584
171171
110521
0
107010
165049
0
11145
46776
43823
552798
0
95533
6130
0
0
96031
11823
46929
0
29781
0
0
144328
38020
11396
0
50397
21
70712
212029
13819
11918
0
78734
2177
45318
22483
0
59
85742
0
0
149924
88880
0
0
0
0
0
3529
0
0
10828
12355
95231
11744
15959
0
0
111963
23580
9223
52291
14269
0
0
0
60803
0
51688
120240
1332
17006
120734
114078
165609
1422
26508
620
0
70659
135051
0
79045
1423
95498
242522
0
14625
244502
35492
0
0
772
71341
9036
0
114022
0
25420
82859
0
156
66370
0
63027
0
77345
99425
257225
291986
37420
0
0
0
0
131036
0
0
72368
24304
0
3674
107425
350936
72739
388143
41498
0
57236
120143
0
119970
0
71184
47858
24825
0
0
0
0
0
0
0
89115
34882
0
1971
18964
0
0
248859
48991
11934
23489
0
0
0
159922
241686
0
100920
59120
152043
0
0
0
6000
2609
0
0
28248
16721
0
207713
254270
363942
194401
126685
0
0
1870
0
24324
130205
38724
26121
0
0
0
34696
0
0
141217
0
0
0
0
0
386844
67819
17911
5639
0
0
20191
18689
9104
155959
47266
0
0
55049
185815
299855
97072
109769
218
0
1852
160870
0
114979
0
0
0
2911
67606
0
23330
61325
0
76841
0
48592
0
516331
0
0
0
32363
0
226173
72216
105285
39342
0
304222
20011
26234
82227
64335
57458
89189
129409
0
0
12617
31197
0
0
0
66045
0
0
18674
0
0
1947
0
4
0
4449
48129
0
30331
0
125905
0
6717
39697
212591
0
103590
15882
77742
0
763
0
0
1535
6683
0
0
0
0
0
0
81666
616
0
2014
252
53315
0
194764
181275
0
74051
0
0
104619
23378
0
0
198855
114
64710
34943
166659
0
0
0
35409
106306
83825
24481
205894
0
200179
0
0
0
0
56688
0
183390
15663
141838
91880
177645
1431
0
66621
12146
10699
66924
0
153962
131323
0
0
20
26740
0
76594
0
0
347378
139144
4896
0
68219
17942
117419
314217
0
18267
0
0
29778
77623
158739
0
0
74794
0
148329
189518
9
0
175256
110128
0
10005
30629
118095
56814
104752
115420
65566
0
824
2194
100787
94083
44342
11260
30869
41687
0
0
29889
734
0
21412
172571
590
0
355
0
175515
0
69345
0
135936
1800
279
7
0
74612
2913
81117
7443
286461
0
336801
112546
0
3327
734
271901
67527
0
0
0
0
0
22377
158740
46781
391685
94175
33120
81398
0
380386
75144
98744
35162
3962
69905
0
0
55209
0
49407
0
127853
1288
119458
20838
206079
55993
0
129967
32583
262106
83261
8423
12828
60347
8654
0
71489
5102
264379
123706
0
0
99099
265308
28713
152935
218982
0
0
37194
72459
0
98684
100615
0
50873
138169
0
269
85937
40225
0
85740
122722
0
0
106767
20373
37244
10450
92014
370910
0
2
26184
2125
110173
23625
0
0
0
191286
36627
13698
47600
543708
0
0
0
12572
0
208398
16669
265981
105135
0
66314
0
0
128757
102
18598
178069
51418
67887
0
160005
0
0
7951
77823
0
5730
0
0
0
0
201980
0
0
126969
12981
0
120020
68865
57192
11992
236709
130314
23165
220177
0
0
10494
131881
0
0
0
556782
213929
238214
452
263482
0
280924
107028
622
293038
66787
146073
0
0
96550
273276
8461
0
0
0
41448
0
0
528
0
140432
53528
102987
0
46276
216502
63701
47060
82098
92525
6107
73579
793
65490
97399
54098
235
55798
8559
32628
54268
228
8177
101950
0
73845
230036
72553
467640
45301
2417
113125
0
73650
474458
0
28261
5900
0
122
0
0
128140
523626
330
0
0
56180
538071
21740
360157
0
0
251387
19712
530993
0
101018
44037
405744
63317
12047
41863
29368
183508
79524
0
0
0
313568
8412
10707
32054
17986
0
265032
60857
0
27268
1310
5939
0
94883
0
81649
59025
0
0
69712
264496
63523
35734
91519
21610
44135
89628
46
1029
0
82579
307402
58833
0
338886
226272
0
47747
0
0
29503
19565
54289
0
183886
7591
214264
206412
0
4849
17403
44802
43258
79596
460686
108546
0
12058
150659
212
0
0
2463
26840
0
0
13666
240873
0
0
4031
132
21274
0
0
40059
0
0
61288
8319
0
103981
195948
0
0
0
0
0
193120
60731
0
13664
248504
0
0
0
357189
0
0
286
23308
354759
74318
69545
0
92036
458963
41212
0
310864
276860
73044
29708
0
13784
49680
22421
16106
0
0
0
57093
69086
120927
632238
0
26556
24730
641
173354
0
83409
0
25
5544
39920
124403
85695
53632
129578
0
0
1460
123473
0
101869
69770
0
0
461007
7456
1188
0
26024
351629
0
3248
0
15683
11771
21821
1018
0
0
0
47327
0
158223
68063
20016
55872
126088
0
62452
0
512391
19953
0
0
0
394852
0
812
7434
48580
54281
0
0
134025
0
0
70364
178629
0
262028
27960
4203
30361
0
10531
8939
37625
0
102454
129833
17871
81646
0
37935
34247
88363
54773
0
0
0
960
0
486137
0
26258
40982
0
227488
125810
6537
0
0
0
0
109506
482875
0
87465
0
47996
0
0
161969
0
0
15010
31488
69046
0
61544
220876
0
0
0
46456
27072
70639
103609
46355
64309
29303
0
2147
0
22201
0
159948
82386
86933
0
63728
133998
0
22006
72838
60675
216730
5870
0
599
0
28433
0
29774
0
59624
80647
0
69552
0
0
82418
0
0
0
0
0
0
288828
0
0
0
0
0
37702
223883
63528
103130
0
0
276932
268291
98704
34360
253166
88534
65611
0
111
0
152817
0
0
3915
63875
0
4288
0
99227
19832
70226
182161
0
0
202727
11460
1487
173560
186921
0
388318
0
204410
0
0
19637
214090
0
145390
264565
266502
500
0
13873
24680
187728
0
0
12545
0
3372
0
0
0
22656
200446
0
0
0
1089
22824
0
0
0
91368
117341
347237
0
224383
0
163892
0
44448
894
0
344669
96236
0
124209
297697
49570
0
121230
33230
542528
0
1703
0
0
103257
88626
0
24753
20306
3829
40092
0
0
300077
415641
0
0
353104
60963
0
93033
240582
110004
0
0
9465
72114
28053
0
0
17312
76742
0
0
0
0
0
415029
0
21772
0
256334
33153
12880
144186
231272
0
0
5565
321
0
2023
198758
153418
0
0
0
66545
0
1679
0
65214
104079
0
0
34066
425716
0
27746
229552
0
10018
63878
29730
41368
353482
3806
0
96925
381318
556
293843
16865
30373
2814
274589
0
0
116335
242865
0
0
401331
564117
0
435
0
0
0
0
8310
0
0
0
143112
17303
0
158420
110771
71159
0
67645
186417
0
0
0
0
36270
0
0
0
32886
0
0
0
32363
0
54469
306174
72030
32988
12092
52447
0
271739
188669
69090
1538
0
0
0
515759
0
0
0
278
39870
4083
34052
219684
126725
0
30268
34603
183779
163626
0
9880
45320
0
146074
55880
78220
90621
39536
0
80758
20943
0
0
55044
0
0
99594
0
2350
0
0
116800
70404
33113
0
245296
105583
206527
0
0
0
532267
29015
0
0
430544
54590
126567
0
0
9310
121130
0
91082
79065
106799
106448
98094
36710
59854
8475
0
0
0
0
24398
99841
0
34
235037
197970
95607
60764
10311
28
7289
15474
106508
138989
100100
0
0
223341
0
104293
10011
11513
99251
33713
0
0
64414
0
23
0
26750
226227
179630
14737
5946
299633
0
11226
92029
0
0
0
0
33192
845
0
141391
35067
0
42156
503231
0
0
16834
58647
49997
59451
7116
103585
0
0
114544
0
149689
54946
35576
0
0
55625
5352
0
16630
0
405
3539
0
0
546
42103
259521
0
195179
95372
0
15030
3809
76636
0
0
0
59222
262851
61197
107379
755
225366
59420
0
0
179
0
66158
0
0
57970
101414
66815
0
0
199076
462250
143665
3047
0
489
52819
0
253
13840
0
67901
0
0
65593
3930
0
0
35249
270937
36722
84194
0
0
155358
18677
0
0
41229
15935
645
0
0
8125
0
0
0
46103
0
6886
62269
0
86
199894
102072
117201
73527
127784
0
27694
0
239271
0
671
118754
264156
0
70653
4433
0
12452
0
2023
489937
93138
4749
0
0
40337
0
0
0
50066
104204
0
84799
58920
189
313
306088
276264
0
0
119984
0
0
0
0
0
0
323262
44872
8825
0
80580
451317
0
30582
65579
20832
0
50709
74590
204428
0
115954
11600
212380
0
252083
280821
30320
424695
136895
0
0
80380
88066
31697
65682
44691
280846
159893
6089
117154
11849
0
345
9381
0
146319
0
83421
0
33329
59010
89020
0
127380
0
30764
133889
0
0
0
2499
79130
0
0
0
0
16425
21754
0
122316
456580
74051
31247
0
0
0
29104
139281
2731
35409
2107
114194
0
119132
75192
31627
52689
0
52610
158264
89115
0
754
14784
0
0
0
24812
0
40971
0
20982
0
3065
14400
51620
175322
0
165793
129427
26
0
0
42351
0
146112
25157
57604
0
119602
72433
8572
0
96853
117252
33236
0
2891
857
694
56641
30131
306527
34293
49056
14628
89602
51779
292497
150838
77452
0
0
137998
29440
3014
2415
382024
0
143961
0
91
0
99812
12324
22524
45454
9583
115613
0
0
116755
130818
114613
6599
195262
157120
17555
34274
37242
7173
0
100892
229316
0
6642
69270
28188
208544
77239
0
21971
12877
81763
0
46500
0
58867
0
6933
88284
376817
123
79279
29944
0
0
128344
0
0
16033
255607
0
0
246498
56128
150898
0
71104
0
63172
0
0
89633
222
0
272
142150
0
94682
150411
0
125909
0
28357
28051
408750
335193
55370
4144
128916
71388
224709
0
0
4667
80982
0
0
31625
10668
126165
168716
0
0
13488
85890
0
0
51928
0
11921
325565
0
0
16251
182357
0
2312
39337
319006
13962
95674
16878
133875
3850
56484
43335
0
0
0
25869
0
0
11599
52651
184430
145422
157488
166740
255452
38598
17668
0
0
310744
17800
30965
43804
0
0
20164
210261
0
0
41605
99756
0
0
134056
193983
0
54854
40027
28806
103997
29569
355499
7258
71591
67145
0
0
0
0
0
0
12707
16
0
87311
152908
0
0
67959
0
0
43628
64443
71826
64766
46106
622
0
0
0
0
69842
5354
141596
7904
5564
24691
0
0
0
0
226290
65313
0
73887
0
353358
0
16901
154679
0
209632
0
0
29198
0
155278
11290
82694
4537
0
0
166062
6421
1345
0
133088
80012
62083
0
20067
0
119284
28738
90936
62048
56331
129
63278
17248
95009
16595
150
332318
131662
0
51106
0
31318
1240
0
141749
192793
129381
106678
11672
0
189739
28291
185473
0
29207
55826
0
19829
2315
63529
0
206998
55673
40231
698
153774
0
0
74476
75488
13639
164704
935
98396
103618
101101
272542
0
0
0
292
15689
44851
72343
438028
737
82408
1712
16820
82997
54119
137115
137204
202193
1153
0
63752
77169
65683
56743
911
0
202595
97805
500647
133600
23685
106796
141345
160147
198638
192832
46717
0
0
0
33895
62497
0
150142
373920
136816
0
0
1105
107467
36120
68642
0
0
155047
197654
0
0
0
92517
146050
116
0
0
66330
54021
152448
271446
358602
0
33944
18551
0
78137
4715
0
0
0
154431
1400
0
42632
0
0
58213
79214
0
103871
71851
0
0
84851
0
129438
152114
43045
44498
0
0
372500
0
0
0
0
0
11665
47500
1472
106624
0
0
0
235169
29054
50729
0
0
0
51095
69248
22388
0
33358
0
0
161844
25887
109254
26281
0
41095
129545
41286
0
213374
17184
90617
50396
0
0
0
5857
0
1916
0
63678
84725
18617
41864
6590
0
0
0
177714
34348
55810
157021
0
74178
0
85001
16105
0
0
159
0
16758
53029
0
0
0
0
0
0
0
0
0
60749
8246
194435
0
0
0
175725
57034
212
125135
2725
0
51010
50601
83178
0
0
0
340089
32011
108951
79908
0
0
0
462942
0
153513
33695
171335
133156
6701
213989
79012
0
0
265
30892
598832
112213
52764
0
0
0
70322
404502
295974
124879
8430
56456
150118
203613
17833
145018
50
0
29516
116794
278209
0
0
68814
69806
180971
0
156042
0
0
0
1026
409
78966
77771
98539
203
0
0
317150
63269
0
0
57825
330464
167375
115424
373829
224130
0
35537
1011
19393
15023
22274
76704
0
78579
90834
0
0
0
0
240263
34370
31768
0
0
28304
67434
70119
100492
143759
0
82307
78697
2235
0
0
269996
45529
0
0
0
519871
0
37657
76771
64905
24986
0
264609
124897
47
0
135237
103768
8449
0
274
0
0
324
116455
302407
48326
0
0
70120
24782
0
0
3238
0
612968
288028
144554
0
0
0
128695
0
62200
66634
0
123803
82185
6946
49980
34
0
179782
38458
50654
0
13721
93212
0
0
0
58556
3586
0
62821
0
170638
89188
0
68304
50268
31722
0
346236
0
0
14858
0
21115
0
26557
0
0
0
132604
11202
72953
0
0
537
199732
2530
0
0
0
0
0
11605
0
127607
105816
155934
63054
87
54118
39814
119512
148167
0
0
0
29212
65159
0
67937
27447
0
77451
5506
0
7978
0
15853
0
4189
161439
61827
46538
56626
0
312418
52222
244421
281096
33292
0
0
38827
56063
0
0
67913
453055
264668
0
57298
158498
431060
0
299588
66344
174966
18103
0
198855
9559
28466
11516
0
39736
4491
0
0
63620
6608
0
303222
187791
67879
292971
21474
100292
0
152452
0
0
0
91454
196322
0
0
69990
15686
0
50938
122431
14189
22607
0
5085
17056
23808
0
40165
0
0
0
0
114531
33523
0
0
33367
73223
0
1729
0
1791
0
0
335
6452
22825
31711
0
210211
0
0
2656
3292
0
0
0
0
0
61900
0
27969
0
12655
0
111134
0
179124
12130
2483
219774
45289
37416
0
0
102056
0
334564
208576
103911
25423
131712
0
0
0
20742
0
221499
15909
253654
24068
62016
44998
64365
50711
61152
0
253071
71308
0
3791
43691
115457
62299
45547
88620
134060
0
62919
4184
0
7540
0
0
57794
3604
45454
467590
19592
0
326
0
20830
8380
37513
109074
145070
43531
0
49366
117160
35289
147075
0
62417
368358
101796
181533
1977
157679
0
483817
0
5093
0
0
22574
0
0
45219
0
1187
22885
0
3507
0
65137
202
35591
77862
0
198410
13082
212365
0
0
40819
0
2041
1422
0
0
34144
17857
3370
0
137261
1755
4
0
0
34595
66300
0
43694
9341
0
0
0
9989
11665
0
5697
204701
215197
218697
0
0
0
143402
0
0
0
70108
312649
500554
191793
0
0
14055
25613
1755
0
0
95305
0
98439
231179
0
1577
0
56155
92598
0
0
72829
0
0
0
0
71701
180146
10647
109616
0
44550
102280
60125
32270
0
0
0
0
0
284863
0
577
2306
0
0
96030
40241
67519
0
0
0
79363
84993
55399
185192
0
36511
0
33164
78568
59643
115354
0
22195
0
0
29946
0
240992
19736
0
0
0
23088
57336
20675
0
0
0
0
6618
90095
27740
59590
10878
101173
0
113847
0
380
48555
210818
60642
108328
0
162301
2888
169101
0
43083
0
0
184065
0
56709
0
0
0
0
0
17618
56455
109409
0
109164
40015
19041
0
20883
894
132942
200750
0
468848
73200
138526
245422
0
7094
0
32373
35014
0
26630
75238
0
0
83
63428
351
20735
4541
285138
37606
89082
0
0
75980
496418
23348
0
0
278814
2967
11578
45114
1021
0
224486
0
79740
0
0
0
13450
279933
141167
6897
127072
23782
48994
0
16673
566
20925
0
100001
22213
120367
0
0
0
10356
19342
295956
106224
0
0
5085
72470
79040
0
496039
168198
41433
108
7419
0
66776
0
3080
2831
0
63405
127379
32128
24463
314216
119592
76588
49975
479945
2598
419380
131415
0
383898
514707
130185
0
9916
19628
16820
198585
0
531
217
0
186712
179
35595
0
45906
0
849
0
0
120816
0
83
31771
133882
142525
0
0
27209
0
63953
151455
37461
39289
94351
0
32385
6288
7006
30867
97981
0
0
0
0
25594
126844
175998
0
0
4872
116533
198750
11998
109650
0
70273
384
0
116161
71544
50091
558676
589411
107074
169797
2042
55814
42765
111120
57654
34
36321
28626
0
0
228976
123041
0
97705
253591
215
0
8664
126
3083
38331
0
0
0
0
158898
92523
0
0
5566
82241
4659
0
0
368540
1180
78410
0
110906
0
22014
114700
0
65673
0
0
81229
29279
392300
23530
0
37898
0
80088
0
47933
12806
0
120610
222867
0
306332
224874
148552
0
0
63735
0
98651
210985
314784
219078
177737
241812
306
212725
0
81947
0
0
55555
53319
3887
163232
0
0
575
66
0
48743
50746
7215
37
0
0
4373
29690
0
140404
0
35965
33668
0
219578
30
69911
189325
0
0
49384
77052
10181
112045
0
14589
0
22915
215187
197632
0
46633
9137
132519
0
0
364853
72588
0
0
50971
0
0
74038
422556
307
0
0
178212
0
0
256821
36227
0
3412
0
162885
0
141345
1137
0
0
13445
184071
189381
0
0
0
0
90272
131656
0
0
0
0
0
160634
30370
0
0
44612
0
0
28401
22388
81483
0
0
0
0
0
78537
221
0
29235
0
371847
25474
0
120244
0
36571
122636
197758
0
21623
163280
0
0
0
0
142768
52637
0
0
0
0
14535
22638
0
0
2616
19909
0
174369
0
0
116388
317500
65926
0
971
35589
26679
26188
60728
21114
108158
48886
55728
67556
41473
230904
131083
0
0
1648
2141
0
0
4834
0
0
32789
0
0
46239
0
54153
0
346694
12149
0
0
253716
103842
0
0
0
60870
622854
7346
0
400273
26
0
0
107649
5593
43806
89549
0
0
67842
5844
86852
160148
0
5008
109627
4414
0
2486
14978
0
0
24231
163245
250835
57966
34127
0
0
74596
5315
545344
132159
380295
74139
36916
19767
249047
0
0
33505
3651
90481
335
6189
0
142821
0
104292
60190
0
0
217607
98835
206267
303
10807
195442
0
0
0
0
0
252571
98416
13112
258048
0
77372
0
0
0
132683
0
469277
110
0
102103
33815
0
0
118148
0
18039
7833
495642
0
0
0
0
21567
30311
142616
134644
94946
0
178810
127550
216183
160833
0
93
44740
0
245908
129381
0
218779
75250
169911
0
65098
0
139407
364880
13120
0
2680
0
4320
59161
107849
106017
23002
63
24101
0
0
205547
31823
12665
137258
0
0
0
52095
273138
2
0
0
0
0
24871
39504
0
0
28968
118
0
0
0
96934
65591
262234
0
157433
0
102322
148241
12496
0
92353
527841
5112
84805
0
47521
24984
0
0
0
0
103
445331
10035
18235
22662
91
0
0
78533
0
0
0
0
0
442537
74828
6922
27602
368856
52479
211319
280437
0
0
3883
96619
58683
0
97755
125616
432584
137201
0
82587
13287
393447
36643
120596
12209
427709
0
223076
357
302698
12979
0
51206
296546
0
20325
0
7031
40067
0
207365
1518
134209
0
25485
0
58593
0
0
31298
162720
35883
0
43854
0
65579
22157
63208
20155
23185
130371
0
57821
97092
539592
63927
0
0
234
0
163654
0
157515
0
161709
74559
35804
127923
116079
36576
0
41791
0
0
3958
5991
49510
0
0
1801
143122
0
71219
37747
77499
0
57309
140979
0
0
0
35039
1159
34845
46756
13153
37156
19793
386928
0
0
40796
166138
83071
0
120194
187863
76915
0
0
6502
0
16885
149757
144239
1141
0
112907
19620
26318
21729
11707
0
215583
234513
355163
0
43667
21793
0
17028
3850
202825
38222
59876
0
212201
262268
0
0
0
0
34300
37540
161507
38579
20204
210541
13688
33
2140
7099
0
0
0
0
276838
35846
71640
51336
0
90977
9877
0
2370
16380
75894
155756
0
21113
0
93161
471193
0
0
0
83390
17501
0
108208
57172
0
7337
101285
88329
265950
105534
1490
101593
35690
68761
0
106685
0
189150
107555
80440
0
0
179111
2448
192950
9547
113308
259682
0
145238
99223
0
9764
457
0
78998
0
0
0
0
57729
116253
0
81589
59336
76446
0
0
0
0
246001
9892
190042
92430
143503
100019
43179
624086
43532
99252
0
70887
26346
268608
0
185053
3479
0
307219
0
66889
19707
0
396545
31075
1265
0
0
0
333390
662
46767
0
0
0
149984
42303
24701
0
0
3613
8920
10264
522
0
0
31
8324
55128
0
62711
0
193918
257879
240
16622
509639
68298
0
165529
0
298613
0
0
0
24603
564626
288640
63926
31474
54768
0
519106
0
0
0
46480
618782
0
115624
0
0
0
94
80222
57390
98224
8938
0
0
7844
7510
321677
65294
39086
144291
0
0
281694
116517
81445
94204
512622
55621
43130
53914
230371
299930
282558
40795
57262
0
0
0
1368
50057
468201
0
0
2197
30993
0
0
1716
1395
361207
0
32875
0
2848
41931
38393
0
0
0
410884
70888
94302
0
0
0
0
0
43833
0
0
48046
125256
873
56909
54793
0
216433
105
6904
37573
0
100543
0
93503
188314
0
33889
113749
0
0
0
72213
244
59540
0
240886
23685
0
79489
127253
221563
0
23571
0
147838
254541
47933
468
33433
536
0
41563
18
141764
80843
0
57945
0
94038
155626
0
1779
0
178136
24883
257
90168
58078
29
49509
169939
83662
0
13619
0
384887
132966
93321
29666
220987
56219
107448
0
5439
363438
37700
0
0
0
5441
47501
0
112258
81887
0
399159
96491
144826
126984
0
88691
175784
0
0
128878
0
6079
104584
0
0
133178
61083
54675
0
0
0
10038
5509
73946
0
9257
0
0
0
63791
2461
105510
47372
139047
0
0
99501
0
437793
0
0
47540
190936
25431
0
58426
189168
0
0
0
0
137827
0
107252
586500
11770
299
229
0
25692
402133
58511
0
21598
31695
12224
0
41132
5855
279984
76324
104784
86494
0
126138
34105
29838
37588
0
72003
165800
44566
0
0
57668
0
66891
90760
0
38980
34955
21268
8791
36349
37471
120132
0
0
2500
29171
387718
0
0
0
49124
6089
0
0
0
247387
6382
0
436
0
0
130430
0
0
0
51197
66796
2179
30441
257567
75121
36049
0
6617
109622
94375
25940
0
0
0
0
52666
70587
261424
125256
39083
525
138445
22080
411
2119
372122
8748
410741
1191
0
65043
0
0
23043
303482
0
0
0
0
39013
138927
36796
0
0
166504
20458
60815
88471
240000
0
30910
39613
102130
0
0
68419
0
0
0
0
0
170638
0
8189
125258
54249
0
64278
548597
176982
0
2715
26992
0
51779
43861
349014
44629
0
0
0
200998
0
0
47458
22894
94110
31838
115320
0
0
148377
32614
119449
16558
23578
89458
0
0
0
152842
20094
0
0
0
396
0
0
82133
32378
28463
199193
72646
40594
9418
0
614055
0
0
0
193226
0
0
6956
5487
137870
0
185
160741
107501
0
341
34372
122381
84703
0
0
0
95657
0
60649
140958
18926
0
0
152078
26584
0
42371
36625
162869
0
50684
0
10038
44919
41339
0
40809
132996
61728
173202
87996
43090
0
184523
108413
200399
0
15301
94147
74144
0
17906
0
0
61710
219769
0
83247
0
0
34950
436318
20998
7805
0
3749
662
14756
15426
13260
0
347
0
102197
17753
155244
35754
743
0
0
0
0
114864
300679
278813
947
126128
100087
104064
26607
1011
18675
14963
0
166494
141552
69728
24581
264644
40126
0
0
28623
4914
0
0
46104
35936
51068
108718
0
38797
135760
126376
3386
86055
23957
135008
22879
186953
51766
1076
0
0
186980
107475
0
0
0
134289
59417
66460
176859
50745
74927
8217
179025
0
0
3372
21710
6703
19447
0
0
132042
338351
59056
409
0
8546
0
18825
0
54823
29922
0
24596
0
15119
40156
56193
0
0
61797
2963
229132
0
112615
0
415337
5030
36857
33277
247805
0
450210
54416
5168
15831
309075
0
6403
22870
39887
143026
0
0
89389
63531
24138
9194
7225
373430
24864
250496
0
155277
75470
0
46517
171912
199898
89305
0
0
155986
0
103595
2814
22569
30438
0
0
210679
0
22061
77234
1577
0
37711
47779
118325
9716
0
0
84746
0
34147
0
0
80353
0
25983
123415
0
66646
269180
0
87005
0
0
46858
79346
0
0
43921
81818
66376
55688
116953
25857
25060
27524
31218
0
42343
88297
246861
102805
0
0
0
0
0
57897
75364
2818
0
10704
0
246860
0
73298
415320
13058
46199
31033
0
0
638445
0
11356
0
0
0
434915
2113
74627
0
0
0
0
0
175
13949
62418
47038
0
0
94170
322953
112673
39
4169
48076
47618
0
0
32744
0
49122
103660
2620
40006
3339
148835
52796
0
0
0
117510
29440
7217
214947
96620
167913
0
6785
0
92494
15786
70666
121595
207355
31574
57978
212
4766
3549
0
186088
0
242
0
88881
165922
0
0
0
39360
75495
24906
17510
0
0
69874
0
53802
25178
336534
1635
495
182558
36360
80711
586614
40965
8177
111997
33629
16027
238140
0
0
15218
10505
30183
105257
239115
0
5676
3556
25890
0
110040
146162
23446
0
198134
110723
0
0
190204
0
104570
70
260294
83903
22168
7219
211394
238564
110633
46215
26793
152900
1117
427084
46007
128621
0
383434
4025
110644
0
1064
0
0
203277
64665
0
436664
0
67473
0
0
0
0
129964
119313
0
508
0
0
0
51543
736
0
105430
118386
0
0
205619
0
0
177
66336
66699
79599
163854
329072
22739
25212
65547
361719
6337
61371
18717
0
129285
0
64009
603
89859
19633
137391
0
15767
46417
0
0
11628
47097
0
0
35425
154401
0
0
23057
297147
0
60488
53934
154946
97939
0
581397
0
0
134589
12709
236020
0
42003
0
890
16697
0
14574
128291
57918
299798
174744
56766
183567
0
90647
0
69695
186159
0
93400
0
71853
145383
0
127251
106828
28114
0
0
92955
380451
16578
97447
881
0
1462
0
0
0
0
0
28999
87658
0
171986
489160
0
9378
0
60983
1072
30975
0
77078
116638
0
0
99869
24752
266899
1591
0
1547
0
239886
65820
22092
174196
83
13002
77162
126
0
94332
0
73240
23298
533725
34386
116490
0
2858
84757
0
0
1535
115227
148
75716
0
418219
321460
0
0
134846
271
1131
0
91302
0
467
0
156886
18727
214217
121586
257
41348
5512
61308
0
0
1384
71630
21259
269972
100597
479544
32898
137008
0
309975
206147
76541
6741
301890
79607
0
0
0
3456
721
56067
114356
50567
11628
9796
0
15444
4867
117132
0
20907
221127
65103
39158
0
0
266637
335705
7929
0
127167
469957
878
575797
45338
0
66120
294966
0
74986
17262
65110
198638
0
50812
273850
65014
54871
107203
180612
259048
123313
0
6833
3039
0
0
0
57847
0
0
585287
0
199347
45
206909
66375
42033
127536
133906
0
157830
15106
54749
0
0
71848
0
318
0
240027
254651
386090
197009
41437
37301
0
60711
0
0
85548
51454
164408
0
0
32148
0
88905
0
24408
112771
42152
24681
20089
667
438717
0
0
0
0
87179
0
3509
0
64828
36948
0
0
0
0
0
0
12504
0
89476
0
339776
0
10394
0
17771
42809
44064
7306
14239
9407
97261
21933
94606
0
0
0
1791
52518
91084
0
48681
155848
82663
99322
63337
141410
55463
301676
18151
82826
0
62234
0
0
56307
100457
58
0
0
0
110372
175159
88085
126112
80679
0
0
0
0
403593
0
0
0
0
179488
17716
1208
0
0
452955
188913
685
2276
78697
158166
153707
85486
19709
95258
0
14253
163778
0
131
17016
3406
0
31882
68014
48964
0
1521
27790
299945
0
0
101561
0
97118
38035
199387
0
74591
0
0
126314
140405
156400
0
32650
118034
0
0
87657
250392
209436
0
1611
22009
29897
0
0
76416
113546
65204
146679
213268
30643
95635
58043
157127
55352
0
0
0
0
3698
0
0
78562
3286
0
3829
0
0
275406
0
58
0
61890
143673
141626
0
0
171242
15341
272440
0
0
6
0
122732
201177
364699
43974
0
95910
0
0
0
255270
120165
65651
6094
0
3387
69291
18016
0
48265
0
100919
31456
0
0
0
26389
26561
83019
0
0
135115
31433
57005
36158
4627
82484
135566
0
0
145343
59683
0
13655
14311
49727
62089
0
393
138807
107092
116725
0
0
0
18137
9018
30560
816
38171
82860
229816
168013
66025
38159
68004
83176
0
56792
0
9262
156336
0
0
0
17005
0
0
0
0
24737
0
1180
0
205298
267
0
0
0
124
116319
12635
173722
167296
235524
102837
245141
38167
75644
0
350801
0
208574
0
842
78100
32555
0
51217
418594
60655
105718
34105
10009
36658
224
192695
2047
173798
622
185397
11276
14537
0
175241
51414
2508
33065
0
0
240465
0
0
57170
0
0
55150
0
110
149816
369568
463589
418
8461
0
219131
149652
0
0
110770
35355
36811
0
10808
1038
0
26480
0
128939
0
0
5425
4565
117368
0
133836
17504
16209
8623
0
0
2619
0
90573
0
0
50563
0
0
81899
65114
0
0
0
61875
8125
0
201792
97480
596270
0
0
78337
60471
78864
45711
55647
405
56800
64900
0
48909
9467
60311
18936
14894
0
0
0
41991
4094
8962
0
0
0
185166
5507
13934
41
289238
0
242402
113910
122879
4341
32588
45057
152785
0
0
74635
0
25574
0
51960
145020
0
1477
0
0
76331
71914
0
0
28901
42517
0
0
308589
0
146476
79063
32049
67233
20034
0
0
0
638304
277597
44191
60957
0
0
0
0
4334
0
0
7318
63727
21423
0
126159
910
0
0
0
268039
0
17689
100878
27075
0
248986
59675
58680
402653
0
0
189677
10748
99680
0
0
0
52970
14952
24022
19286
116
0
361132
35720
0
190188
0
127889
0
0
166114
408035
117336
82313
538454
140314
0
0
4454
84174
106732
178289
0
132258
0
64251
118345
0
470641
0
212509
63335
169914
30836
0
60768
0
0
0
0
397413
0
86146
486826
36421
0
143474
104577
99042
0
65629
47901
0
83439
0
0
0
179544
31626
9145
56881
42045
0
102903
59032
0
361208
179428
0
0
43016
1465
52300
55603
87383
1246
1446
9264
268275
0
148070
0
125046
41814
0
2418
125992
0
0
183239
0
15348
1170
0
0
0
152827
38720
7772
164727
0
7176
63711
9360
150858
36885
60941
0
40718
30782
151518
42603
161714
89714
17606
34945
0
128807
73233
10553
94365
0
24121
37559
55404
51093
53517
45
122730
0
0
8999
0
177154
2670
0
57972
129772
0
0
0
7386
194367
54709
67740
234431
0
2070
0
342114
66141
25271
0
0
18920
0
0
0
152413
0
21402
74378
0
517907
13562
324
0
0
62278
86612
2004
0
2868
396464
194296
0
0
147615
0
0
0
0
180965
86743
0
0
19725
0
187910
0
0
0
0
133480
0
158742
167793
0
36810
308395
0
321714
110917
0
34344
433757
0
92511
0
0
51122
74954
14726
95305
78278
245
27713
50534
0
25257
0
0
0
272746
0
132556
115203
94575
172763
27796
0
48858
0
0
0
0
0
88275
153404
224862
119536
0
0
18432
14935
0
0
0
274110
148507
126351
48695
357207
137082
0
802
0
0
0
475454
240977
0
1118
41375
0
253
81180
2564
264007
3935
0
81977
0
0
62846
42091
0
0
170651
103560
63502
52678
81348
82452
212526
14612
0
0
86
0
459733
310226
0
0
19328
0
145846
141145
38608
40559
788
5969
91861
47975
4626
3397
4869
0
122470
171135
22116
10209
37788
10726
0
0
254662
213
448698
88124
0
0
0
116565
59493
13721
114694
44171
0
0
23729
0
0
43374
137824
144260
385403
60452
0
130676
9893
0
0
0
0
0
59644
11269
0
26964
0
142296
0
0
0
0
11512
251064
212344
68136
0
0
134486
260141
101806
28280
3820
103784
44369
62280
0
106400
31865
17617
23890
157674
50005
0
0
46750
8257
0
2013
49037
120702
127508
59945
0
100593
269
0
108713
124702
0
74808
298748
352071
0
0
199721
43775
247067
57010
0
3516
73311
184116
208
139296
0
64317
105092
0
0
5716
44841
70890
22781
0
2491
0
46176
0
165057
21457
73646
111643
201084
413270
83182
184193
232580
27443
0
0
3974
40006
47374
132218
208397
0
21197
0
0
0
9739
0
120496
0
10431
143839
32869
0
0
98064
10430
0
0
34735
53536
0
0
388669
31018
0
0
280563
78078
104740
0
0
19192
0
137387
0
1467
0
0
0
812
0
32545
201397
47358
0
348190
58643
0
109415
4308
7807
6234
106443
7519
30403
51147
69685
33376
0
77183
12767
569786
122858
21006
93602
0
103886
11769
0
0
0
16172
44624
0
88445
6069
0
142201
155848
0
0
0
17018
5925
0
11247
7496
0
270844
311801
17168
12580
121389
8748
0
45669
276819
21899
0
1360
0
0
0
110171
2901
50109
87266
130975
0
9330
35097
50349
82110
0
65001
0
100651
7204
0
172920
226990
1011
29428
27508
108972
0
0
0
36943
149252
0
95735
0
1236
43018
15230
35356
29850
80
0
0
63135
142452
55960
1592
16622
0
0
0
95332
23786
0
35350
37590
0
0
113896
214627
1036
0
29518
17637
45598
35407
0
0
0
0
4195
17595
42751
0
0
0
0
178166
42167
4297
146884
0
0
105840
333180
17805
31100
630
0
0
0
0
0
96089
0
82904
85540
38162
0
79216
203920
109193
23343
0
891
179826
0
26878
42877
0
1286
85750
36418
6048
100215
46095
3015
140117
238281
19759
155638
8480
463
19229
75721
19512
103656
0
244099
396339
227032
268992
15340
0
0
0
91237
11784
0
0
0
53278
30225
0
139038
0
0
251185
221753
161663
0
84778
36510
62812
100135
41295
56885
0
0
43838
22649
6464
13862
8144
27617
131237
0
74492
0
0
126861
68468
0
0
0
152700
53087
81880
0
0
11608
108117
22351
0
0
3290
0
102227
0
203202
23852
0
2751
181779
109056
58485
22764
0
0
0
16155
0
281
0
414211
172944
0
191279
34116
34079
9460
24259
345026
0
0
2267
54090
0
0
375
3140
102787
63979
0
0
20607
122846
48385
129531
20575
460459
90092
198732
0
0
15551
0
87591
61911
117207
0
0
106503
0
37964
0
9920
51800
24557
114979
19404
911
0
13401
293384
43
0
80305
82861
5681
24845
195
238131
73191
46692
82022
104217
43060
0
419874
0
37124
197232
158445
8416
33824
0
565660
88417
31936
2194
105983
0
0
0
265899
56412
0
0
16616
86701
73944
0
29863
29576
0
0
145835
8809
0
265358
0
2934
0
61772
1068
1730
102315
66440
63580
1695
0
175577
102294
357222
0
5813
391833
10443
48320
0
42009
12223
41620
74689
32766
0
56137
52991
0
292
0
117773
0
50495
0
0
25316
193305
286861
135487
109978
77962
46793
4361
71568
0
94036
180796
0
25826
12231
952
153685
0
183599
24327
42370
14076
57072
20304
0
67357
51078
0
0
43897
18013
489165
4378
388315
208794
0
0
44289
0
0
80356
413659
0
117
0
0
0
0
1596
0
474088
144163
49639
91145
6697
272368
0
1029
0
139478
528088
108927
202010
0
9708
48210
14803
84349
313054
27103
0
15015
0
0
0
72977
0
237805
71289
0
0
0
0
0
0
3817
85078
0
69980
0
124053
0
179166
358734
241132
39059
385280
66250
4350
0
0
282470
294741
0
0
0
209517
43176
0
0
0
225861
26646
77486
0
0
0
207890
230429
0
0
17406
0
0
0
0
0
141279
376501
124304
144040
0
10689
28291
0
0
65441
0
0
43899
153698
37544
116158
108830
0
49774
0
0
0
225664
0
34924
67951
0
19780
73550
4799
25375
16008
0
40215
580005
4474
33467
689
22770
242906
0
196511
13008
146181
0
53990
0
0
0
42107
200741
0
8054
101368
24637
210260
0
27205
149591
398075
0
143012
0
0
0
0
11309
0
23572
86037
0
5652
11017
66083
300
0
207025
375397
208391
139482
0
114601
0
0
131830
66088
16468
0
53830
23
0
0
0
43492
116317
0
297224
19607
8141
0
29617
0
0
29325
206008
126465
185244
0
0
108160
193483
0
12934
56495
38996
0
25722
61896
16338
47072
0
4233
1598
93842
0
369
0
96863
206949
56948
0
16938
63607
136
23708
2981
10584
0
0
0
0
47858
96094
40481
300
11032
66860
6078
2278
43958
0
547309
31075
171009
368090
6796
6698
10610
71390
84990
480093
0
0
23741
299346
0
179014
1156
0
30
0
0
11972
262318
42636
0
0
899
134618
0
75304
21734
0
0
27
29533
0
122680
80225
0
0
37379
7054
0
51206
41411
121619
13516
78830
48363
987
147007
75514
0
0
0
74221
172016
28217
204322
0
0
0
0
0
186651
28010
14729
38661
0
0
485
0
0
0
0
11976
146388
0
63034
0
115223
86618
5908
113516
0
48075
228484
304959
66968
64934
394482
5032
0
0
0
0
19631
0
0
481732
7857
0
0
0
0
38
311825
49966
181016
0
0
146240
0
100468
42005
234702
0
52061
119928
9
0
0
0
0
208717
71920
74234
0
0
0
6272
441531
0
46397
0
0
0
26386
21329
0
171856
168651
0
17020
46135
0
21328
0
53400
0
0
38264
164499
0
0
0
530323
131267
11852
148519
0
168641
0
26234
0
0
29078
0
145898
332553
48581
0
37541
0
0
101353
40540
90027
142186
0
282646
19960
0
0
1545
9224
45869
40387
55935
451652
27962
1211
0
0
28809
0
48773
34979
271459
0
94147
173729
3450
191550
6168
59382
0
0
14501
280
72202
87423
59195
29293
8100
35140
0
0
0
0
94261
11252
0
34070
0
0
0
0
0
0
125961
33039
11752
120042
0
109331
15234
0
0
54591
0
1097
172753
52730
163890
0
98920
62964
25552
0
41196
71160
0
1935
44360
27920
0
117
433373
3809
0
0
0
123389
55875
144782
0
124966
5049
14190
1141
110736
110873
94405
0
85171
167085
90301
143657
0
36013
34385
0
37204
0
593106
0
27
102803
168
184065
124297
49683
28140
0
0
517444
40900
0
216252
0
433961
2017
128410
0
64584
146078
17235
0
422843
227030
37477
46694
28763
37656
4789
0
9592
3242
19396
0
97065
75195
0
2146
27167
166340
0
0
0
0
70381
0
22022
74811
116911
0
88849
612773
539303
0
57092
23802
0
3944
15741
0
92281
0
159117
29635
44190
0
0
0
2480
90651
0
196023
87826
69954
0
31655
19181
0
0
2393
0
0
1283
148106
1884
31923
0
0
0
3067
46894
101381
0
21640
47645
189017
527880
28062
19458
0
0
2373
22122
0
0
0
79687
5933
194524
84592
0
0
0
0
0
179139
193967
155666
0
0
0
40120
43426
1984
43977
28104
104
0
84703
328726
0
1398
50798
164386
203419
0
0
410
0
0
135005
44210
115544
0
436561
108272
2042
0
63608
0
0
0
54731
10400
97417
1658
0
27880
45395
489768
575599
0
145006
284893
0
12756
210799
0
45410
0
0
98515
330
158860
0
0
0
0
32658
0
81410
0
285466
293283
7825
11285
32242
0
22866
81229
0
127164
662
0
0
35430
0
0
727
0
57214
90237
0
0
120381
3285
145006
0
290
0
91526
41053
20572
10848
76603
102231
29914
0
0
548
4374
191806
135181
303667
41851
31491
0
0
53855
131263
52541
43763
282409
89742
119526
162
10207
102088
46819
11763
0
3713
158860
92308
976
0
0
0
85517
0
35849
0
48629
575
1785
47504
26812
0
0
30623
0
162690
0
0
98943
0
0
0
0
0
103748
132724
0
45170
34907
0
0
31776
12455
213640
79890
0
0
120629
273
256834
48293
174799
154659
50751
1362
89949
0
157626
9223
355513
17756
0
308
0
47431
25947
34543
5943
56315
99098
510747
0
157374
346005
188113
15164
107180
10817
0
121437
42161
94741
189206
0
43131
108518
0
0
282304
186802
16618
0
2535
0
0
54313
57081
26854
110
0
11773
122890
141432
143176
20639
0
19342
26756
0
43138
130059
0
114501
64845
0
73355
103007
0
87085
1212
0
0
186255
0
52103
195897
26000
77879
0
87804
62519
92900
0
0
0
460882
0
6208
43554
253977
0
0
16303
0
6284
0
204
146343
0
0
1194
0
0
19374
56052
10465
28045
0
137568
45600
12929
31154
135243
0
111471
0
0
5320
30395
2562
0
0
0
0
42403
1219
1109
25902
0
0
58825
133837
14875
0
0
78
12494
61774
3270
24845
8748
0
398822
60255
22212
9243
41569
0
0
376836
65419
58281
0
0
75926
5639
276278
2
2814
25723
38943
43297
0
18553
6
58924
171860
38237
0
128328
63175
4876
12157
81960
0
39878
153582
7063
473
92164
0
1211
0
0
22004
785
0
185061
0
0
13895
0
0
407
0
0
392048
582
248529
11395
37811
734
444
5311
66426
0
36662
260
36124
0
0
92698
158390
24251
0
0
0
82819
117397
79673
25717
0
0
26941
219994
0
53560
180276
76308
8605
21819
1322
139052
67898
0
312273
4535
59422
9803
49256
0
0
77249
65446
164521
303682
190292
6618
0
0
0
322558
0
248085
2947
109953
54577
0
0
631
0
0
72766
279669
12
79564
59181
29935
0
2371
0
54437
18299
0
125776
41074
0
0
364196
99728
13161
313216
66224
0
64878
124565
0
65898
88680
75
1181
49384
0
120126
134873
73557
64089
45986
0
355526
76253
13537
50847
55467
179234
160
0
0
0
261682
0
0
186516
0
25034
38088
0
0
38639
384922
2945
109616
387493
0
0
0
16536
0
0
11707
0
0
0
0
108886
96352
0
71664
240147
141566
17598
24199
81358
0
234340
0
216435
264
0
193763
178675
21336
187907
0
75042
67118
81405
0
0
0
194967
172255
150691
36704
33227
0
193891
18398
0
33310
82370
32624
204890
6352
82445
48996
276300
58788
209628
367608
69582
0
784
43824
1662
0
203810
0
115719
98792
150696
1416
28588
185278
418692
0
204828
0
34775
16733
8810
32795
157858
0
0
178313
11117
2701
43522
35862
0
136074
43646
22098
55206
71520
73434
0
76064
486278
35
0
0
435032
44583
229023
34235
106
0
0
48321
0
0
0
89294
7153
5866
5202
31373
0
0
35674
59911
145561
0
249068
111634
10201
33545
0
33348
10445
14732
0
49058
24898
0
0
2418
81443
1268
5100
9647
0
0
181396
23354
21795
86167
467945
0
129218
1899
2091
0
0
0
0
64
0
164750
0
189519
100434
241
0
9352
114643
63925
121832
9
525721
70123
0
35604
190
12064
0
25726
0
0
0
53
0
14389
4503
44596
710
16417
14807
111149
246767
80199
0
0
72092
147593
9610
0
436
0
34625
0
1055
5918
33804
19380
70676
0
0
0
0
0
65986
23758
0
0
0
59070
91864
0
0
106355
3219
0
52572
21800
537776
0
261941
0
29690
0
0
0
0
19079
73034
283411
260498
0
0
64450
20980
13182
128514
10265
10973
89136
193837
0
0
0
15133
31020
210241
7
0
22119
370
0
24950
544628
30132
9361
0
77234
48846
87193
0
0
260905
42999
28891
0
81641
22933
242305
0
0
45443
9259
61549
0
212184
0
288556
19090
21784
248237
0
85676
34213
210787
34183
66364
0
92344
7848
0
0
83593
136902
0
14321
135180
0
33708
9415
0
0
45284
193581
0
48893
63696
4884
0
0
225143
102649
64250
0
0
0
43955
166672
9860
0
31065
20775
0
278300
23171
69300
0
13804
24010
53765
0
78
0
0
13009
105008
0
420304
89060
0
0
89613
11060
9245
16785
18105
0
0
630
118449
104531
95516
6909
34332
40506
0
610
1517
0
0
0
0
83539
28647
0
70110
207398
70808
0
0
0
95
0
70797
154103
70213
8887
152467
9160
42048
118382
393
0
23080
2076
48117
108136
196089
21
50087
0
0
70423
121358
0
0
21507
54384
26430
147196
68170
0
0
0
0
156535
0
350144
0
135737
25211
273374
50897
185593
0
0
31358
0
57249
0
218
0
9102
172223
75953
17759
0
552
57335
0
39493
364527
0
257277
0
0
8502
35659
224630
97216
71199
72101
6430
0
73624
0
49586
0
1329
42170
0
141596
36714
0
0
375
0
0
2170
195458
485125
31732
528882
5705
0
0
12733
1211
70789
32086
0
0
85
0
71485
47554
101274
79293
83699
0
105820
94731
2358
5652
24428
16211
56909
0
12
0
422476
76054
15183
0
58640
0
19089
65863
146888
0
41422
1022
0
0
0
5839
59634
228710
0
140679
0
0
0
0
3123
0
0
4197
116551
0
0
59491
312253
40040
17487
0
19059
55614
0
48469
71482
36226
0
0
17712
40203
10533
91053
300750
295658
473785
0
0
0
0
83862
206831
28029
63392
0
0
154051
17313
42023
101384
794
2429
0
0
0
4874
9988
23077
0
46523
189591
0
74175
3005
122488
0
0
75358
256788
19855
70442
69237
118967
64770
265342
0
0
0
331325
7346
123914
126807
0
54015
5393
0
0
97635
0
0
87219
0
2
42119
121974
326399
66083
5177
203553
8776
39623
126958
22932
0
159602
0
5663
0
125293
10022
319
33011
109028
9618
229823
11823
0
296
405732
196397
241407
34162
0
175542
560438
103
0
85277
292863
24022
0
0
0
0
26404
0
113768
131382
0
409777
8421
65857
12249
173565
101554
372
0
213
0
123424
7376
61256
123731
238831
0
0
0
2407
528387
0
125003
46434
0
43435
38501
0
22108
124885
4226
0
65956
102216
0
128231
0
44715
250982
257715
0
36956
0
0
0
140754
0
127528
164497
27562
0
145963
0
290066
7315
30286
15369
15255
50016
211161
0
108723
60348
108629
0
47206
0
0
0
453414
72616
0
19999
0
0
459662
11045
28864
233
11538
0
60588
236885
60481
22186
31411
159
435488
19996
42985
0
0
2448
0
3044
11498
0
0
31907
0
0
10270
0
24004
574779
270418
483
413683
0
196
9814
34706
12464
11657
26432
0
0
0
0
0
0
0
120041
7768
109363
271198
71169
0
52535
2191
96038
455002
18997
0
0
41
210855
75288
0
0
0
1384
126777
194364
8790
1565
177860
0
0
66630
0
184758
158287
30060
448239
0
0
0
0
0
103992
0
93484
58317
0
3753
0
0
120125
79634
0
36976
72599
75622
0
0
73792
0
27760
7872
17653
0
0
0
17070
1
80357
0
107941
0
0
44895
152645
0
15013
247
132272
0
15206
90709
634
0
209114
146743
3682
30642
169896
0
173899
0
40972
190578
113943
114492
63634
9641
8615
143515
459
113028
0
4327
337281
0
0
60148
75240
98077
96305
0
346
0
402
156180
72345
88176
0
16789
7247
115543
0
0
0
0
32036
84167
402756
0
21419
102670
53977
361
100510
85164
31444
0
0
82495
54215
0
0
78109
0
115064
52861
17092
0
70739
27796
0
13272
55350
0
152109
4954
77039
179485
303290
41318
0
42670
0
24969
18821
8356
92739
146371
80549
0
0
0
209747
82295
12297
1644
44600
14854
30068
44383
0
12306
9605
0
27029
26175
5
0
9415
71039
59181
0
0
0
136423
0
0
0
0
126005
78473
99320
0
20011
45821
0
0
94471
132810
1349
213
0
0
0
0
0
22326
74343
41635
5928
0
19322
96214
61064
0
850
0
583700
0
0
150908
61358
24213
41053
244270
2673
0
0
214309
112783
127898
0
0
0
0
61051
134462
0
0
213276
0
161692
142759
15013
0
0
86899
113858
100868
68396
25392
36925
79942
143861
115293
475563
0
0
93297
40622
0
131032
1299
768
66506
18386
0
51089
0
22923
21295
0
412
25223
90041
83711
0
147193
48725
185342
27838
245508
27807
97098
224396
180644
0
4974
220642
32502
266318
0
35275
0
0
0
174143
882
46021
0
35969
0
16373
0
18393
1641
132993
39095
42434
195915
514897
0
18790
120044
0
91975
4517
0
126390
114060
51
550
278814
90580
788
40646
163450
135718
475932
12155
0
1163
156088
0
252475
15181
21548
34939
26581
33
0
0
126988
1472
115949
0
298362
45550
0
37604
0
414351
36921
0
98437
59898
112791
44052
42932
0
44132
31065
0
5509
0
268167
0
179834
126
0
0
64357
45584
42719
3499
489736
37711
25449
0
96071
180068
0
39
29026
84552
3539
0
257440
53727
0
54044
1905
0
13228
35535
36575
0
0
0
14324
11218
0
61991
0
21350
0
0
103199
111830
38192
151879
0
51078
145019
0
191920
42620
20761
0
78532
101929
58
64297
0
0
46444
0
128032
0
222805
91737
35704
0
38867
0
471343
378813
29621
50791
29999
0
21737
218367
121788
128129
74714
50682
0
23488
79456
0
165576
50828
11092
0
443247
76539
13469
2462
69940
87842
235245
39616
86545
0
0
0
0
0
16307
0
0
0
0
108120
0
18116
0
1068
0
170728
0
0
36581
199129
113268
514059
0
0
69948
0
0
23579
47508
45367
33321
0
108715
27358
25096
119967
0
317875
0
43719
66747
863
28630
0
112325
0
0
0
0
63092
2291
65398
80176
241978
225630
0
31157
1879
108051
0
5383
71858
5153
76010
0
0
48742
25975
0
251738
108194
86657
216414
311210
0
763
2422
52101
183
0
54144
0
12658
23728
90926
160069
108901
195587
0
0
0
7801
272930
190603
0
48289
183457
27541
47644
93859
0
66749
58
7731
0
39151
13200
9736
4610
0
37375
0
140203
0
3962
77278
65364
89918
0
0
9
0
0
339554
0
130483
47581
0
219040
146997
1410
0
128958
93226
350822
0
138619
33797
185680
1745
0
128451
94074
0
88804
459
0
25842
78673
64689
171198
2080
17664
0
5465
26351
0
0
0
17778
0
65458
84005
180778
0
120507
113645
29658
17156
0
31567
48373
74332
148033
225201
0
119495
76682
25503
388791
845
0
388
26234
172958
0
0
3821
288302
13860
0
0
0
12161
117851
0
0
10206
36884
30860
60743
8508
0
0
0
360003
0
138549
0
0
0
0
120
27887
0
0
83518
0
408977
59985
0
0
0
62757
52225
0
358401
0
185437
114794
0
221
78611
73158
8817
0
0
0
277885
55687
0
29558
362067
54782
146768
434774
545822
0
0
0
141798
29546
0
22557
35067
0
0
33309
22150
157614
82528
38193
247990
0
0
0
19870
422683
21946
0
7244
139612
45494
0
317
25829
141508
76554
112673
91482
0
173417
0
24763
7629
0
0
0
0
40900
33804
219537
0
398402
80054
0
0
0
356238
46007
87306
68493
0
362203
0
91188
270
53337
115039
1448
5922
883
31795
441903
72420
12120
0
69852
71
72858
121777
221576
100420
0
366
0
32461
21482
0
70032
96995
60445
126826
0
140753
84353
0
28622
67291
52516
0
39966
401
0
4621
29177
33353
0
0
0
188519
11403
55444
0
0
0
83763
64782
436
15185
6186
52935
0
0
0
292071
44329
21250
44784
0
644988
160030
0
74960
189421
0
121145
119854
29175
0
0
29143
129660
73551
0
24797
62495
131249
33726
871
0
36
789
112995
283623
241514
0
126387
17415
40103
0
42006
220006
0
43565
10081
16978
0
0
0
49220
0
1387
23933
74102
481074
59294
0
0
27554
57663
0
213375
183948
98467
106175
72915
79808
132373
69147
0
0
54923
0
530414
56854
24637
48068
187263
38884
0
94129
24724
268498
0
667
0
304176
1005
4206
0
525290
0
0
113168
155229
0
1160
59275
70494
9445
61507
0
0
231476
0
0
32229
0
0
113400
56986
0
92675
64741
10730
2676
15118
139077
93196
77056
19945
0
219601
0
20666
0
115313
430121
0
0
160783
146685
0
0
20310
0
132085
106917
12179
34267
0
93543
0
0
0
0
195905
23663
54047
60709
22801
30762
149040
133887
0
0
0
34976
100841
26242
21135
42861
49553
0
65641
100438
94708
75910
0
7560
33919
16444
54760
80537
0
0
0
0
0
312494
171808
6163
0
0
0
0
394457
122782
0
0
12799
208275
0
187902
94072
3304
0
70825
68343
0
0
251691
0
391
29558
0
2836
0
0
23315
0
69968
0
0
358
0
0
0
531
23184
0
259367
0
59144
293848
51563
0
128649
0
0
29885
26866
26178
0
0
78405
0
0
0
121170
100652
0
0
0
6007
2118
25424
0
194272
69389
127691
71310
113328
26104
0
42098
22472
12895
44807
136456
0
2273
185822
0
25267
0
0
93073
34742
26769
35321
0
128887
0
0
0
91057
74029
282365
120582
0
2599
113452
39053
96542
13409
61045
117936
0
0
0
0
0
187301
0
31471
41986
116616
267643
0
66475
161084
297043
0
372259
0
68998
2643
39822
69443
138120
0
0
14672
532
19026
0
26596
72660
0
177746
0
81343
143472
197932
329
0
119532
30741
0
72392
0
0
129114
3235
0
120159
166454
792
0
0
0
163485
14704
0
0
0
63106
0
26865
3
0
29366
0
7919
0
73251
223268
28357
100956
0
0
0
148778
0
70826
0
0
0
30344
8890
3277
0
89799
10730
181028
204442
7092
19644
54221
17
82670
47884
71571
0
16005
104401
0
0
0
8049
0
10045
0
0
91842
41661
13697
188366
33921
103142
67013
267136
941
23968
0
0
205850
0
65837
0
0
0
8688
34453
45721
451492
529312
42792
0
168791
37591
0
0
166069
0
0
73153
142875
0
49195
144066
135357
40818
0
0
0
0
0
2966
0
586240
25068
0
0
25116
41871
53666
0
0
0
90895
10445
15814
1
0
0
0
6889
38687
70114
0
169038
0
249
2260
32779
41173
0
347
0
0
424
12181
27061
68831
0
0
0
7096
32770
141682
0
0
36421
15288
12840
150298
614
0
0
0
28488
27888
211921
0
0
232787
113535
3044
489
2703
12898
4082
0
101275
43286
2325
22209
89963
34169
2808
23698
0
0
0
0
0
311469
188095
16468
19912
56464
26893
3535
32043
147406
112822
55158
1829
0
37235
34423
22444
6096
9841
51269
0
180713
0
1286
152553
571
0
39750
6669
0
90269
49646
872
177465
321712
477347
44810
0
1067
163543
44488
0
0
0
0
11459
100868
0
0
0
0
75624
0
93742
6256
46238
0
0
163958
0
59121
447109
3273
2628
522482
0
0
0
230556
0
32495
38123
131090
0
6778
39168
28069
167974
0
0
0
238721
0
0
258162
80939
82
9559
99638
4471
0
2105
5233
27215
0
33519
148752
0
10620
200
41672
828
8388
189663
150163
0
0
65220
46364
286276
62376
33910
67059
0
0
95455
32122
51682
8984
38764
49724
72357
47240
0
0
172968
39496
0
111693
106545
242864
250024
58943
46840
524798
98529
19631
277158
306839
0
0
668
0
0
0
40870
144847
126953
58203
13256
38414
74312
46737
0
0
2
187571
0
71873
154795
0
69014
2648
65039
114631
48047
13686
0
142755
0
42868
0
55845
23482
23652
26776
67069
0
304
0
628164
24372
61882
53816
164712
3379
39484
0
44208
98376
486861
21082
25216
31268
78802
0
80574
481851
47898
87595
0
0
0
11287
409883
134803
93208
500519
37681
0
125152
81660
0
0
0
10592
64757
0
0
55130
112463
0
0
18396
45615
20608
870
49293
72111
14923
0
400598
0
215502
12341
507158
26299
94676
42907
56
344663
66927
15013
0
88590
255970
67337
68870
93906
297578
0
95028
223781
0
0
28576
7638
2857
0
26559
0
48317
58972
155681
119445
194424
0
231739
0
89687
0
79018
228248
69270
0
0
1637
0
0
0
98378
47979
16094
34443
126307
17320
118505
0
4095
0
0
0
51045
855
11340
0
10437
48396
494836
179077
171920
309742
0
0
215
331158
0
239410
101416
0
76218
1320
53164
69365
286822
0
0
0
18366
543430
0
0
59223
343
5286
3682
0
14480
70019
114138
19014
10872
0
0
4994
110901
74239
0
0
476568
104940
85654
0
0
163428
104025
118744
146608
5365
0
187041
0
6140
0
40861
1602
5759
115534
547700
0
0
45193
0
0
25226
0
73923
0
634018
0
131600
38680
420793
4565
10087
54529
199033
0
71978
97068
204842
0
351540
104888
26650
497605
57
69372
15000
7000
47757
47481
0
0
64757
619
104337
0
32456
124655
21034
7618
0
0
0
0
0
0
107398
74850
0
0
108912
318954
2351
23336
0
8
16567
20108
81713
0
192086
18774
29143
0
21982
91210
66722
0
0
0
0
0
95934
56048
0
2077
242380
50782
0
0
124313
3182
0
0
104537
1611
0
23384
55340
458428
0
174337
0
13241
123710
115625
52067
132947
83905
71163
192830
0
8086
105478
0
0
323
36854
10204
54408
38243
57427
0
1213
65267
0
108990
0
0
0
0
69398
66531
100353
0
64888
264
18280
7524
34912
2645
0
0
0
1878
42294
280347
0
34213
330009
186773
7054
14685
382647
0
65732
0
0
0
109912
0
0
91134
372854
5819
163542
0
0
0
0
0
1921
177633
90637
166175
136861
0
89872
2632
199362
0
89613
0
78175
123074
67757
178078
1409
10799
80209
4845
15169
27340
4057
0
0
0
189448
81142
417
31850
0
38973
0
11848
3615
66367
0
0
0
54096
0
192918
169191
0
0
0
111819
167587
0
0
30172
4047
20962
62565
0
67068
0
0
59685
79267
152975
125857
130964
68997
0
146
0
376443
116748
589
0
0
0
69873
153684
45315
53245
59
0
25
0
253624
14438
108448
158549
49046
70755
33445
31354
0
295183
25080
0
69423
81539
50132
421144
24218
0
0
119092
179489
0
0
36352
0
0
0
0
0
86720
0
75598
9416
2076
32800
24408
210150
0
0
271905
25615
42890
0
0
0
66550
68967
26092
0
166799
0
118941
405190
660
0
262825
5454
0
0
0
945
124217
4621
0
50801
17974
0
0
0
98432
837
0
4195
62092
101922
59345
140791
0
35458
0
19933
0
44140
0
0
97987
0
54627
68100
0
0
0
44712
163605
120009
370595
0
33870
0
0
0
29586
99166
50629
54500
103025
750
0
1211
1501
0
419481
0
9576
165696
69693
13373
0
0
0
0
95260
110657
30063
69422
0
0
0
375046
326
35269
177531
0
0
0
0
0
48003
0
42863
505832
0
75075
117644
0
324
45927
88776
68061
0
0
79833
0
367719
0
21300
0
18457
0
0
0
0
0
0
146118
70534
48147
0
6085
227128
21042
487039
0
54572
169406
83890
86222
496690
352
0
53282
244
435047
115543
0
24265
38888
28508
0
7259
0
53450
15043
27506
33083
82719
0
68218
0
329
48393
296
84625
1108
0
92412
0
0
10567
77144
167191
33655
170196
27859
0
0
102002
273610
0
0
6330
0
0
0
31400
505560
0
7414
515409
94839
0
60032
0
75477
0
0
0
0
5089
43223
47730
79545
48182
0
0
1661
96870
47568
523434
249016
421
84691
22332
22465
6863
4
1594
0
174272
0
22460
105233
0
44916
30493
44226
44805
20257
0
0
0
124271
59687
57281
0
8356
66326
12256
145006
375113
0
0
79200
1984
0
46245
0
4880
20730
0
172351
401253
69431
64246
283830
0
0
35151
11110
35221
118077
18924
31392
27575
0
37028
475
0
51853
405884
160
29399
0
0
38246
19379
208843
41337
282164
0
761
0
132855
202892
0
179884
0
103312
0
132741
115014
303654
4111
296
0
187616
29718
89330
44237
112725
79618
29222
42114
83994
0
7700
12824
36999
147490
0
5546
0
0
29053
2142
0
198988
0
0
31383
0
0
228711
453700
0
0
129971
512091
162251
0
4
3841
0
23097
0
0
0
5692
0
15162
90951
122926
0
12365
24395
72284
31670
0
0
434
52637
64197
15421
0
312735
37381
113041
0
0
0
0
0
33051
0
198413
3140
91842
0
102481
210659
246862
17440
398365
0
117785
111053
62344
90794
151832
6015
110293
126036
0
0
0
0
0
5442
0
54338
77075
134352
91581
0
139281
86604
0
0
2529
2918
327494
32505
57
0
0
93497
0
218882
189170
232753
480
0
468255
117290
17082
7421
316672
0
191739
0
0
26696
58010
48285
33685
40603
40685
9462
38
0
156156
0
5696
3971
7083
27895
16927
0
95341
1191
68164
37638
0
0
644
259842
48036
278157
0
0
0
8040
17283
129932
0
5267
107530
75751
49430
93220
186958
0
123069
110
59993
173486
108103
0
183437
75205
0
13574
38474
19986
242998
0
0
643895
6427
13223
119914
6305
0
5203
0
0
0
88427
27800
7627
70949
211849
87303
220904
904
0
63902
42893
0
0
76889
1407
174825
221178
8059
9325
0
537
222462
3085
0
68694
132698
0
0
88849
0
84726
77590
7644
143757
201188
0
406
12422
63637
28481
534483
61605
476506
2803
4422
130651
0
107405
0
157
51384
12535
131241
448490
7251
0
395
494220
124567
0
99490
0
34833
6372
71273
0
156702
144466
0
0
48739
124703
0
131
0
371694
0
26976
20600
0
16134
22
156
131585
42043
0
55848
0
166958
0
21881
82195
52925
0
40370
1960
89457
40526
0
3143
0
0
25305
87608
23744
102516
564255
0
0
51870
262981
225797
309773
0
21802
0
191354
0
84772
49390
36300
0
0
121214
422711
0
146320
77744
84883
0
0
0
12019
63927
54071
0
0
69196
0
0
34789
2139
44961
49388
86719
23563
71406
0
0
308115
0
100066
39136
17802
52534
0
0
437
0
42713
147399
9275
137315
36366
112971
38234
0
0
0
128754
29231
0
0
0
0
0
110924
15951
302587
46968
27366
0
13469
59247
150455
11302
7048
61776
134811
111432
53830
0
0
0
0
206528
90299
0
54353
0
85
26309
0
0
0
0
23664
181384
0
145405
107337
10049
823
0
249921
0
58984
9201
0
161972
201774
79801
0
56131
0
19049
460227
0
37499
44651
47594
858
24988
0
217289
205117
0
0
0
0
0
224656
0
0
157634
0
308665
26718
10787
38994
0
0
0
0
0
15368
23698
93991
1
0
17967
29250
46035
0
0
199430
70571
18424
465743
102949
261149
53098
32845
0
70185
34351
0
84435
54332
0
2979
30265
0
41064
43676
39666
0
922
24192
216539
147319
0
291889
0
57267
62868
118743
0
7808
30360
743
0
0
122100
204005
152502
0
55588
0
253165
118358
27321
25641
265802
37073
373408
4740
106314
28821
155023
0
0
299596
150738
41832
0
27973
0
1122
10695
6121
29369
79863
0
0
0
143380
265391
194397
0
75858
10958
71374
0
31209
159002
55831
0
0
80232
63296
54822
0
0
14737
75798
0
170036
45795
258496
0
249893
92213
137253
23801
0
0
227945
16292
0
0
0
0
0
146
0
0
0
0
88252
0
81081
0
180308
144387
32495
82391
245976
0
1585
104378
0
0
164819
36508
1784
0
0
74056
134817
61895
17716
115964
0
1677
18983
109821
202041
25099
0
0
0
0
0
0
2782
40612
27429
48478
0
0
9578
168352
28043
25687
62559
161047
84063
18860
0
0
74703
86332
27907
53108
0
59869
261356
177250
0
0
5080
23849
121647
0
834
759
20332
0
0
12765
0
101550
42901
0
469510
7619
87370
17662
0
145230
151013
29195
78718
9357
0
0
5692
110497
0
0
26178
249120
101762
39590
21775
55172
0
12273
599
91208
13932
320
6288
31270
109632
0
255465
83574
200008
555791
0
81456
25449
0
0
0
0
0
0
0
711
0
0
279476
54879
71990
46554
1003
0
108419
200459
126461
208
0
89511
254921
49421
28123
0
96197
0
12804
0
378
157942
337
23844
13995
0
0
438428
0
67554
0
1561
37150
279503
28933
0
20534
16899
0
19667
359804
37356
34661
0
159647
61385
0
0
0
322040
99380
7029
22998
11666
0
13598
158364
0
149884
165514
377
0
0
0
0
268125
180168
394395
98204
0
319655
276194
0
169461
201184
0
0
144071
167525
0
219478
356111
16508
57927
152391
73262
216225
297212
0
0
0
196198
201461
5181
22836
32188
0
6
0
0
16649
0
0
0
0
144140
14708
99813
192313
0
0
0
0
313002
34384
0
0
3736
92094
0
0
47820
272189
0
419
14480
39959
77492
231829
119945
215289
52866
0
0
0
0
6269
9785
0
30930
176578
0
3571
71309
54185
13075
0
71951
32430
110588
0
0
203724
52128
0
76214
103793
161160
230943
0
0
0
0
0
29816
105595
53958
81230
36987
327496
0
76491
33909
752
76848
0
10299
1446
0
0
15167
11549
0
0
880
192442
0
0
0
0
470594
66995
0
131674
0
95570
76419
1688
0
135064
0
0
0
32503
24648
0
0
0
0
0
116252
128913
0
266359
0
37309
228852
6825
0
126575
351123
201566
5445
5287
5622
26966
0
0
0
0
9073
57758
332487
0
44714
15657
16019
0
81572
28478
16698
0
4393
0
152546
138756
27
133920
115139
0
16926
19944
273189
0
52759
5363
0
149496
9939
103567
0
7967
0
0
86048
261500
75477
0
30833
287195
298019
14673
10307
35170
17647
5
0
199100
0
74496
20369
129745
0
53627
0
172639
201197
101057
0
254
1064
0
9018
51708
25129
168596
197
123928
2633
0
0
43809
0
46850
23264
119479
0
10212
0
0
0
18887
56056
51376
128336
47745
0
60792
0
13378
43910
0
0
104821
23945
0
0
61923
0
403
220074
168565
77686
0
57368
53210
25566
156984
0
0
0
0
282370
82888
0
28916
95119
46106
0
0
10548
58567
269291
39922
62646
119236
81366
0
1298
0
152410
0
155782
9545
0
156760
0
51137
0
2106
0
77584
733
22776
0
0
89089
25420
49043
138432
0
331073
125361
43744
0
124863
180449
574082
51862
5288
19672
0
58885
5726
48390
87464
0
52078
39107
7524
3364
14504
202712
145065
0
0
1389
1426
178275
25327
315797
167327
79203
3876
2154
0
42759
0
144204
43295
252676
278
9823
0
0
0
545388
50389
108771
0
45357
0
47770
600
114859
7096
119341
0
30325
46981
73738
0
0
84535
68653
76041
0
0
104653
0
0
27453
0
36979
0
210075
52327
0
0
0
0
33260
63049
16127
463
28958
0
103571
7079
184410
86753
0
12911
84009
2119
5461
0
35243
0
184
54793
17135
1090
0
0
67451
0
0
51024
178803
0
0
24096
78905
58308
8109
0
127308
179
90888
79206
0
0
151986
213548
66100
0
108836
470120
3646
166474
597262
0
0
14209
534
75294
803
0
381
1395
147841
0
4193
84577
2753
26809
10152
59601
0
66357
0
58461
0
0
52741
232645
73537
0
245
44658
133323
58266
13
0
7
1342
88
0
39047
0
81509
120713
0
315303
326468
458728
229763
27883
0
24228
0
0
0
435358
499876
282299
0
0
608316
0
0
416
46888
302018
0
0
0
49963
93264
176570
26811
0
166026
98
46721
319
122371
81080
0
0
0
0
0
114780
0
0
0
56947
224422
259630
6109
0
94111
0
33824
18491
10971
291434
62782
32925
0
0
0
140265
0
0
231002
89018
165191
135694
62375
80
0
0
0
136
66365
0
142394
387778
7920
135151
4603
0
63578
0
276536
30790
0
0
0
9366
63765
28665
0
5400
17424
118986
20011
0
39098
0
95923
90991
0
51475
22679
9186
0
0
409478
27908
0
42291
46121
17371
21036
7253
56837
15200
37063
124799
0
0
142786
0
0
28537
64493
0
45
0
76700
44451
317229
24824
24604
0
137364
0
154578
0
148713
0
744
79139
0
4285
9276
29414
0
198
148882
0
0
49592
146381
67174
15083
0
0
81867
3128
0
0
12
0
0
0
0
0
0
71188
338069
0
368334
0
1607
83784
0
69967
0
58445
0
0
0
0
15064
27781
105730
240868
14645
0
0
0
6612
190411
357669
30888
15421
17927
40008
0
44286
81879
28631
0
41519
128546
0
49629
55042
27740
125692
535030
146033
0
0
316070
12695
41085
0
44849
198437
57787
22234
0
0
0
5592
0
0
47719
41537
320957
137018
55387
0
52478
116715
28697
86496
28770
0
63374
11116
0
50262
198240
0
21731
29883
331
0
60380
322753
187206
214952
5075
0
0
0
98988
0
70879
0
84528
0
110717
0
0
34287
0
306381
89353
78619
98301
0
0
0
0
575823
0
0
47250
174634
516402
0
2358
0
52915
44576
9937
623756
0
43963
212414
36135
7026
73938
0
62167
1738
31974
80579
43351
115934
0
0
809
0
15737
51109
0
20877
36778
226834
37793
274376
0
0
126799
79305
183335
0
0
0
61149
45407
0
0
0
0
81420
32705
315704
148585
0
0
0
90073
0
83673
23133
0
82891
80802
6742
17479
0
12953
0
0
0
55600
67868
6
262364
14678
0
85981
362875
0
0
45766
0
220039
0
10933
128604
34994
53873
36509
23902
23
0
0
64714
82744
0
0
75546
324
35141
0
0
14550
16456
493084
383195
0
506
59569
0
133
22461
0
0
127915
18709
0
78519
80205
5663
237413
236
93112
0
33888
34030
70668
48471
42893
0
0
0
33514
229188
48266
0
3440
0
28505
69352
0
326411
0
0
181695
0
148564
0
0
3904
106038
43483
536879
50130
0
0
0
0
155214
253
111574
36681
49376
5990
6292
33011
430673
6639
10608
0
0
25377
92205
174209
0
416982
0
34528
185530
0
0
131285
114773
16051
324094
42710
1826
0
18095
280560
243543
0
28411
0
0
204424
0
55568
32700
139725
0
0
3402
2205
66201
1024
133429
26405
0
0
0
256990
281047
98070
23087
47258
0
0
915
18217
20770
49811
0
0
61284
0
0
78548
113268
15564
10401
112699
57460
0
71233
2546
98699
0
71299
83974
0
92107
0
145936
34676
0
0
0
240304
151074
0
0
301195
0
16580
27001
0
63229
0
94162
0
106852
0
1439
0
0
26515
433892
51537
0
41628
0
2929
25858
73965
0
212203
189416
262734
0
0
134504
1566
0
1129
0
23847
244304
0
0
0
1
0
140891
0
47489
521379
30458
9845
0
168772
2764
45753
119503
82593
26190
0
438166
2028
80133
0
524
0
382955
286731
0
6470
0
124000
0
230
0
357773
236
108755
0
62282
0
159882
0
42220
104888
71343
39355
2274
106445
0
0
0
321483
0
88871
0
0
270808
39269
0
257990
0
152068
82128
5154
207251
52339
268291
154317
66037
0
16566
0
0
0
74143
0
0
105958
0
12514
117445
144177
0
88551
44506
87497
0
0
29601
0
48713
0
90
2363
27150
0
108703
218
151779
4101
0
192569
12341
32874
108816
0
0
0
212763
0
221139
0
4728
0
7535
651862
49692
0
0
0
457
401722
0
0
13480
542095
23024
60115
0
0
0
143385
15051
0
0
0
294
32597
37885
0
135517
0
0
60261
198126
0
0
38491
99499
37319
0
28013
0
59760
113069
17064
4755
12398
63638
0
0
441
0
2455
0
6262
1582
0
46391
230631
78543
0
31691
46664
0
80883
27965
0
200968
505628
5134
95233
0
6713
15701
0
0
32520
0
244
7315
17328
49298
695
33354
64308
0
2214
1650
4512
0
0
0
87850
0
116395
687
0
54899
0
219389
0
317
46206
0
0
52852
0
523918
486204
166568
25606
51520
276213
42322
282
159375
173
67816
14167
0
0
4099
503321
8181
30420
0
232083
0
0
0
21879
180391
144567
113312
448
18262
0
0
0
118896
1075
0
81403
0
4097
53143
0
0
188320
0
14015
155777
20492
0
0
0
0
0
317176
13752
34928
82338
35193
0
0
644
0
185650
4817
255525
70605
25004
130317
0
0
12727
3906
0
81508
23017
8169
134250
0
68792
0
158148
62156
190324
96612
168
0
14379
19561
40690
199942
36260
55198
4711
0
0
2395
205613
311500
10607
0
0
3
74305
0
85909
31188
258145
238919
0
0
0
209132
100215
0
105913
232683
0
0
0
628030
8298
70578
0
89301
0
0
39615
54838
69083
136696
70653
155906
68731
0
0
87390
3999
0
0
125555
99448
8234
401709
0
19469
110522
432934
140149
0
0
130343
48274
3237
77007
432013
0
1839
1
100370
688
63210
0
0
0
0
36310
0
20548
318800
218472
42080
108412
0
73876
6716
50477
0
30957
91705
7726
0
0
0
50461
5635
7143
0
63677
0
0
0
70007
50125
0
92429
512
184
0
80362
0
34294
59111
0
0
69371
448424
0
262024
262939
13934
86726
44648
0
3785
0
0
390833
2325
0
20589
88568
0
28668
51747
45665
3219
19725
37691
0
51028
31498
0
95385
251
0
0
0
4943
107251
0
0
0
0
53439
18949
101870
0
1224
4787
113
0
52477
30384
0
6057
35403
328080
1023
170640
15362
99445
0
99741
52293
79118
152847
0
378459
6298
210213
476299
578934
25903
52103
185179
91111
7732
523467
0
47381
0
41826
44093
0
4611
87145
100657
12625
974
0
671
4473
33171
199429
219370
2314
81168
0
0
0
147737
0
7625
19996
0
0
43195
60656
0
162245
53487
258022
74672
0
0
0
0
45595
36990
79943
83582
236125
6260
0
0
0
301645
0
32399
70924
0
0
54389
47
0
0
58173
0
88294
262616
79395
83817
109834
0
78597
0
0
139214
0
0
67132
404486
322124
52658
30872
0
0
30886
31182
2186
83728
47070
172037
0
18172
84733
56893
14053
46405
0
200105
4049
134683
49977
0
0
11605
0
75449
179965
18
0
13060
0
0
56351
94257
55159
10869
121486
146111
37663
0
45167
58105
229230
0
65128
1964
32310
162898
0
0
0
59597
155583
24841
27536
0
0
152976
15820
113160
13018
13257
56148
755
1810
0
10760
56786
0
0
136826
0
0
22905
0
57477
176874
37440
102262
0
0
0
85932
0
1982
13002
0
86184
93451
95919
79303
92035
64870
0
64884
1282
0
0
175199
0
0
60354
0
0
0
15068
94743
0
290305
8954
0
30897
5259
28594
25493
115482
0
0
1001
27826
0
93278
138655
0
865
193279
149003
0
0
0
0
0
16431
31233
0
0
0
121721
206939
881
50856
4825
0
426487
70187
19001
0
45012
0
280483
35954
43601
114875
19663
0
0
13044
70599
38855
10707
0
83682
74269
0
72160
15751
3536
83490
0
62
109223
95480
0
0
0
0
0
0
0
262445
0
77547
112897
231950
460
48307
5189
661
1332
163750
290
12687
0
9190
0
0
0
145544
30776
17420
0
183061
10446
258860
57792
0
0
108901
10437
0
4055
225905
0
176201
0
315271
46597
41879
183843
0
140
16279
0
166583
69973
0
144
0
270615
0
0
0
0
0
125632
106353
0
154946
160010
51117
87672
0
67597
3463
22434
0
86162
3544
577901
150359
0
33458
10070
15029
0
0
35853
8117
1115
0
95912
0
0
0
103497
101458
0
107193
0
97164
54399
0
0
18688
233203
124561
113873
0
40578
985
0
84755
65883
33098
53840
11099
0
33486
0
0
2217
9316
112444
93
25044
0
0
0
2445
50284
9535
0
0
0
27315
120303
26222
82718
341373
37044
127826
2167
76381
149089
2735
168638
179283
43055
0
0
0
2997
0
0
3976
139332
306882
0
291854
6989
0
0
193580
39522
0
111432
22864
728
249747
15494
92047
0
93417
7317
43428
0
0
55498
23492
75174
234887
0
0
960
151123
647039
104118
0
27661
23978
127665
4607
91310
303261
0
0
299638
0
0
19220
0
91
141740
23656
0
26295
19670
35209
218367
299035
0
0
0
13868
113246
164095
131894
102383
0
0
123747
4170
272713
0
0
13160
18734
99141
0
0
0
0
0
28114
0
1192
0
54748
144508
0
593781
16666
33404
0
0
60076
3704
21835
66989
0
10877
141140
51300
40859
11442
199302
0
0
0
293057
71440
57171
28967
6120
0
0
429577
124237
249850
132559
38945
44
61791
0
179959
0
0
83588
31859
0
535163
0
4948
123937
408569
23165
0
0
0
0
103796
4410
2409
59541
25635
118068
0
0
9923
55704
0
321459
107336
25519
519152
472
0
16941
6761
25380
0
58852
297518
0
60830
2949
121921
69874
11922
42887
103645
37445
322806
27898
63155
231130
20652
94844
111944
67659
113495
0
121356
0
32217
0
118897
966
173853
152311
61223
20451
0
199447
93088
100529
0
29898
0
359718
319859
26817
17046
76883
3990
17439
0
234842
0
26503
0
0
555424
110848
0
0
97388
8
435381
108650
221865
0
124515
122981
110109
0
11919
54889
207374
64795
10884
0
0
0
38275
0
10333
119361
435849
19632
335243
0
0
174708
70962
64718
0
41672
235058
95856
0
0
64789
15431
158393
222403
0
0
214620
0
212237
228374
0
0
72527
28286
16560
0
61431
0
0
517037
0
232104
159247
28319
214650
321821
0
0
4475
4142
0
0
0
76593
503068
279960
0
124542
0
16911
3804
2554
0
0
123199
0
42939
0
5414
62680
0
0
0
0
0
7815
70144
14133
0
108373
39859
44805
0
0
104321
0
0
85428
428155
553
0
0
15078
261376
22904
13260
28889
0
14557
100575
39240
16338
114823
197272
29316
43210
0
212331
191
0
0
249
0
91707
17794
0
350501
0
50142
12253
0
22965
97958
0
5058
0
0
21395
0
87415
144760
3277
34753
16496
0
9
87419
243605
0
0
69002
173164
34783
74102
0
0
0
0
27447
0
109119
3878
0
520631
64024
195867
0
29555
112780
215868
1245
3420
5332
64757
42791
17439
59512
0
257282
0
75204
7326
85235
0
0
0
876
73885
2685
0
0
130488
0
1230
0
0
54006
0
0
61885
45769
179819
0
85966
0
71917
119470
0
0
120787
168390
104953
0
1167
0
0
203987
58982
0
3230
0
0
0
0
0
7765
0
100140
131641
26302
308282
35007
514030
0
55817
0
0
113930
52674
0
0
53379
0
127747
102056
45619
1127
47
126594
515014
60312
47953
56990
0
141481
183145
107338
0
0
0
0
65749
48951
161580
1322
23762
37205
11973
50960
94286
134106
49901
0
0
0
0
325397
0
229899
0
985
272748
0
0
526
0
931
0
109
7
0
0
28639
42129
48157
344323
0
26174
67303
42081
0
77484
223253
0
0
0
0
121215
293
0
118096
64739
183
855
76098
46114
381871
180953
0
0
0
103179
9556
236947
112671
0
18241
0
39830
533927
103273
0
0
272460
0
0
208247
349877
0
0
11708
396025
0
0
0
316
733
0
0
20126
19610
0
0
58987
57269
0
68773
3123
557052
17079
39601
0
2166
0
0
228932
24191
16053
11516
0
7384
3666
152575
139718
105928
0
53426
42799
0
0
0
0
14845
137552
643
0
7759
52652
0
161141
272728
47355
63893
27891
65624
26482
0
96558
48672
0
244423
12340
0
0
188
627
344
126803
153852
120022
0
0
0
0
153426
0
16197
0
2242
363541
144627
504092
0
24692
35511
20801
0
11178
207492
54351
0
4195
125767
124978
227298
8677
394683
0
31193
23400
0
319636
62594
13242
6337
604226
0
0
90266
14278
123059
0
166825
0
0
0
0
0
16455
85076
0
51050
160277
79423
49920
0
0
45478
102725
101182
12
73272
0
0
0
0
4404
98142
161256
164928
4980
93722
0
43876
264486
4095
12733
127513
568031
108781
0
85848
150284
298
46445
8661
90520
0
0
0
0
18662
183730
198494
235046
0
0
175477
144335
56
109862
0
8938
0
342106
0
299817
202488
110691
0
22321
111252
35650
225326
74711
21406
142110
41458
0
129898
1901
63692
97563
20195
174594
205262
8992
296307
74212
0
0
0
87410
212759
147439
267762
30265
98347
93584
86312
42424
0
8565
24411
0
9950
49233
0
154436
28882
0
109465
403576
116402
67254
106098
16436
23199
22284
0
0
4935
17771
0
0
0
20583
0
0
969
54908
0
14183
0
951
0
0
20569
0
250727
80543
102012
35193
74144
0
40935
0
0
0
0
78472
23107
29411
0
0
0
32842
68920
83377
1260
0
0
72531
213946
32653
0
5273
85261
52250
203424
0
0
0
228134
68094
21165
10673
0
101446
46993
74337
201760
1398
9092
17899
52207
19310
45316
60250
0
0
0
51865
0
68678
155495
38473
0
129946
0
0
8488
112558
16478
61089
122227
9028
324
36547
48897
15021
0
0
0
220108
152052
251899
7980
37543
8131
39
16174
32475
0
182383
163485
0
0
0
159386
65434
38247
50725
0
0
67292
204359
45201
0
86351
0
89116
5715
595959
53065
1039
66118
144777
51859
127189
4758
20883
0
105314
26951
0
108093
26
403539
0
0
53863
47929
162404
72291
81569
268637
0
4160
17090
18256
0
0
0
6423
4162
0
10828
29149
22986
160537
174451
41634
194735
0
10608
24420
231142
0
178073
0
148661
395792
0
18583
481
343437
8584
291
108414
170
1099
0
41575
91559
0
0
10979
56188
0
1005
4105
0
54172
305390
0
78017
2324
36040
41371
71484
301437
103561
412
66995
0
0
11105
15106
12287
89716
59785
227181
3963
11474
130411
0
0
18204
7753
0
33804
107679
0
932
37719
0
0
0
66875
8964
0
9737
0
60048
0
0
27985
4942
10422
65145
0
118693
0
476868
0
28173
0
61498
0
115311
150879
115779
28702
113269
3653
58865
0
43072
0
0
6883
0
66996
0
0
0
339413
748
283610
115429
0
299
44289
0
30194
11812
0
0
169053
146163
92922
78200
0
0
4692
4119
16517
147351
0
0
23066
0
52198
201354
83673
112271
0
26263
30216
110899
0
41540
50913
77167
240141
0
0
38231
0
0
0
109300
0
5479
139234
81537
135219
51744
0
14130
0
184140
0
120599
67114
10595
0
0
0
0
0
0
365161
186995
0
187208
159786
71732
64393
63541
2221
0
0
439
1796
49858
67854
0
84283
193153
249729
150800
113750
342164
6634
25751
4254
0
0
0
0
9512
70285
17715
839
217607
12
11285
125732
0
0
10257
27273
10167
0
957
736
0
0
0
0
288504
427
3090
21210
0
2237
127902
531485
43427
89555
35170
0
0
0
0
0
0
32451
552440
0
0
0
146644
55513
48566
70923
71818
227948
0
292
10370
97411
0
429659
248418
22951
120157
0
1494
194037
79892
62106
33647
237772
0
15
0
38786
76741
1312
20741
5573
32081
12895
36319
42748
0
0
276200
0
6271
119731
0
0
0
88324
41446
321847
0
15051
186731
53033
111168
29058
3238
97176
586
161533
0
0
0
47443
27230
0
0
0
7612
18245
140807
0
0
2409
0
42389
89738
59503
185886
301272
0
104192
228908
71416
0
0
240523
11843
102144
434470
38163
0
28044
16601
203163
285299
229440
134550
45430
0
113475
9048
0
32510
0
51713
86560
0
356871
132848
3988
0
0
0
289318
263817
1493
0
0
509237
94347
0
277767
84488
0
54011
0
0
869
156998
14795
25486
490369
113966
210555
40116
0
60633
28719
33909
88649
0
171651
0
24482
0
129390
0
2245
40031
18497
0
0
212901
22348
0
0
441793
7082
523629
34342
639773
0
0
0
67285
0
0
16047
314217
0
2238
1818
31625
53017
52882
35918
63148
125138
0
60614
26635
36399
55832
0
44111
8678
39
146766
0
15987
101675
64600
196551
0
225875
6295
10130
0
120786
0
54958
44926
0
122912
0
55911
62408
0
0
0
20007
153863
27873
47651
33782
246517
5506
0
175393
185932
0
16859
329143
6494
167813
518304
62930
0
17765
0
0
0
62774
418036
0
0
4686
81431
69564
0
11280
0
0
97010
84260
0
543263
0
0
32571
0
0
138772
28018
132877
99408
106574
0
16835
100730
25
28442
31486
11068
0
302
0
72944
16366
97021
156100
0
1411
96813
598242
1141
58496
71651
12874
124795
163039
0
0
1320
153377
32881
0
0
50418
0
47581
184
1337
80023
177255
4012
189290
52033
0
370906
38767
17358
23695
11365
172
306219
60937
31025
0
111467
0
0
79087
0
0
0
0
0
585287
85120
63955
0
136694
50194
145743
30353
68810
0
55023
0
50
39155
0
15479
0
0
234204
0
0
57368
2634
54597
18797
23833
271886
0
0
4896
529
0
67210
0
0
4452
99475
3539
28878
75990
48386
11510
0
0
52287
31413
0
0
8019
0
0
34540
174439
5727
115853
148141
132818
320
97235
34118
19909
39486
137277
0
32332
30205
0
32373
601
0
0
396868
199053
138665
170072
0
67562
0
169880
731
60950
73315
50391
0
189
88436
188425
0
46863
109
0
0
3931
6854
0
62391
0
86222
64014
274096
0
0
0
0
43288
128349
10337
0
52741
227468
21911
0
0
0
0
0
46460
0
74106
68032
0
0
0
118187
104937
61490
0
0
0
5631
760
687
43002
104250
44828
16726
0
16008
498866
95509
4641
46527
0
0
382978
79868
118888
0
0
0
253787
112773
3832
0
0
0
424
72450
5271
60199
79711
0
29854
0
0
21082
0
88527
0
35370
117580
61
102679
20018
0
0
0
0
54255
112366
430976
771
0
104422
99268
33448
0
57143
258
7227
103902
4695
18357
26541
0
0
18227
0
495057
79973
0
0
0
11544
8909
193089
0
479
25714
101868
0
0
82728
539427
0
0
4909
43295
66615
69254
0
0
0
18
60248
37399
0
0
38805
642
531921
0
44694
153956
147030
0
0
0
0
0
70907
66868
0
86511
89971
0
5
185449
135298
0
18221
83441
97353
4892
13543
250920
20512
416837
22734
323919
11839
72296
95071
22950
55183
0
13870
0
0
1580
0
4677
0
51687
0
15754
207539
1
187555
108341
186721
28771
207079
41649
143618
127
12368
99919
0
0
11069
306206
126009
333
116354
99701
0
65362
53543
0
0
0
0
12525
1553
16546
162852
953
212771
196349
75545
0
0
30101
0
0
0
65881
83154
207516
0
442314
85318
47022
441319
252025
224066
58598
141
113624
301242
147570
130597
0
31414
261624
100881
0
0
646
110172
0
0
0
0
0
1814
69650
13865
0
0
120108
411028
338009
307563
0
197147
75
0
205397
20177
24131
15553
59104
0
1067
0
0
73709
48636
0
50731
220174
1522
88769
0
142835
188401
62080
0
94289
28511
53785
5023
81990
152598
31657
178214
0
0
154316
0
0
264225
121322
112370
0
103960
0
79122
0
0
32384
66608
168599
0
429098
0
83449
0
6353
88833
91470
18546
44878
18019
295112
68209
85152
135031
0
432
593
0
0
54521
8112
39289
475334
49754
32820
165471
56269
11
154677
13522
133094
0
147730
33837
253619
83524
0
0
0
164784
0
20782
55200
0
63754
22622
279319
0
0
155391
40616
0
0
0
0
265
157416
0
0
53916
95472
0
0
0
0
0
151981
4570
0
79108
247769
28226
30348
52444
0
74
10740
0
82919
0
0
129760
8066
149188
50309
239099
0
0
0
0
203197
184823
0
10100
0
0
33673
0
0
0
6796
32187
55707
14
92268
29980
134255
2921
56
72195
0
154701
0
0
287948
126711
81857
93592
82396
78696
0
27281
0
0
10601
0
23546
0
0
0
0
69051
106932
642
82396
183355
267439
4961
83500
0
322475
60859
174414
166
1593
0
1037
58943
0
212209
32841
0
69734
483561
33240
0
57865
48756
31805
0
86742
68093
34029
96697
69129
75327
102891
36145
0
45039
0
47240
0
0
68437
109336
30521
96239
0
63664
10877
27462
575
154267
71524
0
0
0
0
241293
103174
0
0
0
154371
28584
26630
150373
36234
0
17099
242439
0
140140
0
7444
446798
0
0
29392
0
17396
149145
0
260186
0
48090
30782
51974
57473
77353
0
12337
0
0
213337
21488
88304
173011
0
447149
106340
210280
78473
0
0
12439
0
38567
216886
79853
0
350
0
0
152374
0
0
18456
0
0
57750
5107
15404
103634
0
0
0
0
36077
40895
420
41503
17476
43550
0
0
105339
136313
20531
0
0
236974
111152
0
187281
47399
2169
89946
155557
0
177581
92340
0
189146
556
243259
0
0
0
586126
15659
326
0
0
84853
144784
0
0
0
28609
38666
1451
0
0
30006
123484
0
286443
0
67348
3647
99561
50424
120599
213503
44099
0
41412
109905
14900
2961
42636
0
142431
0
6564
0
0
275318
0
0
320406
6075
0
0
115620
16304
0
204435
95612
869
71727
107530
35824
28735
28809
124877
209697
108823
76284
1424
83001
23801
1950
154535
58458
104960
127253
38643
0
0
145682
257832
57170
0
48328
0
2566
20361
0
32377
123704
9308
34389
12886
31670
0
119195
0
104689
0
1416
0
259899
22141
0
0
23005
0
0
0
0
0
0
338076
169772
151575
23615
328547
63740
0
0
182500
0
0
16103
0
778
316826
81434
133696
43566
0
38792
0
50556
30107
54879
0
0
0
29893
8956
176640
22171
1518
60470
135225
1655
0
55271
24852
0
0
0
5718
11829
16089
0
211994
159936
31613
0
80712
0
291
0
94773
193096
115220
16752
59114
105811
0
85
274297
244897
11588
67761
35417
14332
0
2888
79035
0
0
6246
96754
0
199274
85425
227398
23098
0
0
0
1224
17352
45576
182305
7913
0
88559
369780
563634
299699
0
240511
39497
0
0
156836
66321
22724
1192
27831
424
155676
101236
25742
0
106431
0
0
353
78216
0
0
35137
25535
0
4777
6602
2282
0
728
0
21332
15379
34838
67943
60424
0
336662
2388
101576
62885
113906
50346
17715
141996
0
0
174695
0
230224
0
8896
0
0
62058
0
0
82045
50924
482505
397045
166174
0
59729
0
9397
0
0
0
27046
2136
215174
219499
0
9
0
93318
313
53961
418
647
68102
140296
30179
39703
0
61409
0
0
0
22157
0
0
96912
0
275
10176
82134
99778
3461
79637
19702
205729
7934
60498
4951
0
0
82619
60345
469169
253
165864
0
31492
50354
0
942
27760
0
171280
0
1432
13815
33027
0
0
59531
97906
83320
0
742
0
0
0
0
0
244
60825
0
19534
107871
145638
130633
12710
75811
104814
59750
0
55226
0
50809
79701
3572
8463
184784
241104
69705
0
0
757
0
2551
5
40816
280676
0
1072
0
0
221385
124025
89816
0
0
27260
145345
17903
350991
0
0
0
28702
0
3795
60158
505
0
65145
65343
0
31973
0
67239
0
0
61038
29113
12871
0
0
315385
59030
228279
25455
63819
0
0
34519
0
7650
76168
0
0
0
4746
79077
243474
137256
2995
5700
7371
0
0
0
0
1919
44451
188115
401
0
2034
0
436
0
19905
0
234591
70791
731
477104
41446
0
0
455017
129449
46896
2192
36642
9350
120731
0
0
0
258186
520812
0
0
105837
28586
67845
0
27777
16923
0
88857
136258
0
497
43119
0
0
0
33606
114080
0
0
0
69727
172466
35867
21417
65978
82
0
131129
0
187423
0
0
135502
11004
666
183853
1302
0
51
0
0
0
9946
0
40692
491989
0
0
0
0
297488
0
0
197366
294194
42799
0
0
116835
0
2330
0
0
34902
66841
4384
46752
237011
117719
20812
0
417
0
44538
0
146012
319367
135526
0
98525
0
0
276086
281589
39929
82951
40126
34013
0
68192
0
0
64064
0
295055
0
0
0
0
26365
222120
265244
0
536
228460
251177
0
0
125
0
35499
6398
2474
0
70641
24922
22112
489459
9064
25495
93023
0
97356
595762
1653
0
0
119608
96527
0
266169
24208
21558
459527
1
162410
0
0
126144
53261
0
24015
0
0
0
0
593353
176284
56193
0
0
15174
29379
95547
0
0
82115
0
0
40679
90113
0
0
408382
0
75536
0
96082
104
0
332978
527
11333
13422
11935
0
72777
0
0
45283
23675
64751
37130
100005
11176
39332
18252
0
86245
143236
0
0
0
23883
0
5
126283
92204
61617
146325
237174
0
0
0
0
264392
196707
12892
65501
0
94
49789
36659
785
4493
206710
601849
59130
7079
92437
462904
0
0
0
0
0
0
150289
344857
0
512
23965
0
10778
0
270114
360367
0
62140
103114
114429
306740
0
88120
2647
95577
264
0
13275
57770
42085
30832
4647
0
0
0
0
0
130162
24800
33093
12860
108871
1146
55373
49142
70307
262199
0
786
983
0
0
0
121478
63527
5116
890
0
0
0
352181
41262
0
9146
33754
0
0
0
0
233534
0
58927
4322
0
0
79300
0
5337
34837
173919
127874
55752
23
0
0
131
3
80310
0
0
0
100855
0
48298
0
27806
199005
250361
108414
532229
4172
0
0
0
9596
54860
74630
127712
21754
47931
3538
0
653
8292
324745
4381
0
0
0
50012
9753
116904
0
28336
457365
75328
2436
51454
0
49804
0
110676
114240
49458
0
0
525
67833
33924
53380
39299
527424
0
400168
75658
139194
0
0
22288
210382
194916
0
0
44331
0
1885
173189
784
0
0
114648
0
33984
48506
0
0
0
