1
5
4
2
19
1
2
1
2
17
1
1
1
1
16
2
1
37
1
26
4
5
4
12
3
1
1
1
5
2
1
1
3
1
17
14
2
2
11
1
1
1
28
2
1
4
185
21
8
1
11
3
1
3
2
1
1
2
3
4
3
2
1
1
1
10
4
1
3
1
1
6
1
2
1
2
2418
27
1
1
2
1
3
2
1
2
6
13
1
1
1
21
118
2
1
1
4
10
1
1
1
1
216
54
2
2
1
6
2
1
1
2
14
90
1
1
110
1
1
1
2
9
28
5
92
2
1
1
3
10
52
3
1
1
1
4
37
2
1
5
1
4
1
2
2
1
18
2
1
293
106
1
1
1
1
1
2
2
10
7
1
1
3
3
3
14
16
307
17
15
2
11
5
2
3
167
1
17
6
4
6
1
1
23
74
3
1
3
16
23
36
5
1
3
3
1
17
5
44
5
1
4
1
39
6
33
1
2
2
1
1
27
3
1
3
1
1
5
6
2
18
2
1
2
1
161
9
3
126
3
1
1
1
3
2
1
7
1
1
9
50
1
3
1
13
67
17
6
114
1
1
2
2
12
3
1
4
7
1
1
6
6
3
1
5
1
3
8
1
3
18
1
1
4
1
6
6
8
3
2
1
6
1
1
111
10
1
1
1
2
2
3
1
3
10
4
1
1
8
5
1
1
1
4
3
2
15
2
3
1
1
2
2
1
1
19
2
1
1
3
1
2
1
1
9
2
73
2
3
6
1
24
10
6
3
113
1
1
66
5
1
2
2
2
15
3
12
191
19
1
63
1
1
3
56
7
1
1
1
20
9
66
4
2
1
9657
164
3
1
75
2
95
8
1
8
4
5
2
1
55
27
3
6
1
1
4
45
1
15
2
1
1
7
16
8
7
48
5
9
1
1
1
1
1
1
2
5
2
1
2
1
6
11
1
1
2
12
19
12
6
3
6
1
1
3
10
1
4
4
13
3280
72
4
1
5
4
5
1
13
8
5
1
1
10
1
1
1
1
1
11
6
3
16
1
4
56
2
4
1
1
1
7837
19
2
1
2
1
1
3
15840
46
1
1
23
10
4
14
1
2
1
1
10
2
2
2
3
5
34
131
2
1
1
1
2
1
32
7
1
3
4
23
1
1
1
3
13
3
32
27
2
1
3
17325
1
1
6
7
28
4
1
3
2
1
81
4
23
23
2356
57
26
8
2
1
1
171
98
3
8
2
1
12
4
1
1
189
75
1
5
9
1
4
18
32
8
21
1
2
448
1
13
3
1
10
1
4
1
1
24
3044
3
6
2
4
4
7
3
1046
1
1
1
1
2
864
5
3
7
2
2
2
25
1
26
1
2
1
24
2
1
8
1
1
1
2
3
1
8
3
4
2
2
22
1
1
9
14
14
1
1
15
4
19
2
1
1
1
6
2
1
4
6
6
1
1
12
111
68
2
30
27
1
37
3
15
1
12
2
34
6
1
1
1
1
4
31
5
2
1
1
2
1
2
1
69
15
1
1
1239
105
4
2
7
1
54
2
2
3
2
1
1
12
5
2
2
7
1
9
9
2
1
1
1
4
2
47
1
2
2
3
1
9
2
26
2
1
21
6
1
1
5
12
5
8
1
1
1
198
14
6
1
1
12
39
14
4
14
2
2
9
3
1
37
12
16
1
1
4
17
2
1
1
1
1
1
1
2
4
28
1
5
1
16
9
20
10
1
320
2
11
1
5
10
6
7
99
9
2
3
9
1
1
17
1
4
1
1
1
1
3
11
1
1
476
2
2
4
1
2
1
3
10
2
2
5
7
1
4
1
9
1
9
1
2
3
2
64
7
1
1
6
41
10
1
20
11
6
18
1
1
6
3
173
1
10
30
21
1
5
9
12
24
2
3
9
1
1
1
3
19
28
5
1
1
5
3
36
15
1
11
16
25
14
2
4
11
5
2
1
6
25
40
1
4
1
1
15
4
1
6
1
4
159
13
5
4
1
1
3
1
5
5
10
2
1
3
5
2
3
150
5
4
1
3
5
3
118
5
3
5
3
2
2
533
3
2
1
3
55
3
5
1
1
7
2
1
22
8
20
2
2
2
3
1
11
8
4
19
4
6
1
2
7
1
1
2
1
33
1
2
1
1
2
2
7
3
1
1
1
18
9
3
2
3
5
1
2
4
79
1
1
2
3
6
2
1
14
5
6
1
2
1
3
1
6
1
43
21
79
12
2
2
1
20
4
2
1
10
15
29
13
3
18
19
4
1
1
1
1
4
1
3
2
1
1
41
4
1
24
10
5
1
3
1
3
3
3
1
1
33
50
1
2
1
12
1
1
4
2
2
1
3
2
10
14
2
1
126
1
131
1
1
9
1
2
540
32
330
7
48
1
2
1
1
9
15
72
10
2
1
1
1
2
9
10
1
3
2
3
1
1
1
1
1
5
6
7
1
98
2
4
17
1
14
7
1
1
3
1
84
4
14
4
2
1
1
1
74
2
8
5
1
1
1
3
2
4
4
1
1
24
17
4
2
1
5
65
2
1
2
1
2
110
1
21
1
2
1
1
6
5
29
4
4
1
1
1
2
4
33
3
1
15
1
1
1
4
1
1
7
1
1
1
1
3
1
25
1
1
1
24
1
113
1
5
1
125
1
1
1
31
12
2
1
1
4
24
9
8
1
1
1
62
7
1
1
1
3
46
2
18
1
20
51
3
2
3
1
129
1
1
3
10
2
2
57
1
1
1
3
1
1
7
4
21
1
1
3
11
13
1
2
2
3
6
1
1
1
2
206
2
1
1
5
25
16
1
1
9
2
5
2
1
24
25
2
46
8
1
1
4
24
2
1
5
7
2
2
13
1
1
1
5
2
3
3
2
1
4
23
9
51
1
5
86
1
5
6
1
22
41
5
33
19
1
1
3
2
600
1
1
5
59
6
2
3
1
5
1
15
4
4
121
8
2
3
3
10
27
15
3
3
11
184
319
12
22
8
8
9
5
1
1
1
1
1
2
1
2
1
4
2
3
1
5
3
14
3
1
1
2
1
9
9
11
1
1
2
8
1
2
12
1
71
1
1
108
9
30
1
3
2
29
5
2
1
10
1
2
1
1
2
3
1
23
1
1
1
2
17
9
4
1
3
1
24
2
6
30
11
13
1
1
3
5
7
3
3
1
1
1
2
2
1
3
1
194
183
14
4
3
1
1
10
1
3
2
9
589
1
2
1
7
81
1
2
105
26
1
30
78
1
1
2
1
1
1
6
2
1
1
6
6
2
1
1
21
1
1
4
1
1
1
1
5
9
1
2
3
18
1
29
3
1
1
53
1
1
3
2
1
3
2
3
1
2
35
12
2
27
14
1
1
4
1
7
1
1
2
1
2
20
4
1
8
1
123
81
2
26
6
10
2
1
9
1
1
3
47
1
2
181
1
3
1
14
25
9
1
6
3
4
22
1
1
1
52
20
1
1
21
5
1
1
41
5
4
130
5
4
1
1
1
3
1
1
3
11
1
26
16
1
85
35
11
81
3
1
1
4
2
2
3
1
1
1
4
82
139
8
39
2
9
11
3
13
8
1
1
15
2
4
2
19
3
1
3
1
2
86
2
1
111
10
5
10
1
1
1
1
1
2
4
17578
1
1
1
1
2
1
1
3
3
1
1
5
4
7
20
4
1
3
2
1
4
3
23
55
1
1
1
2
399
76
1
2
1
15
32
2
3
1
1
1
1
2
1
10
1
3
2
2
2
2
6
4
3
1
27
1
1
12
2
1
1
25
29
1
4
1
1
2
7
11
2
2
76
17
1
1
2
2
2
38
5
7
4
11
1
1
1
3
1
1
1
2
5
43
1
1
4
1
938
4
1
2
1
14
1
1
2
6
1
4
6
1
15
2
1
2
6
10
8
44
3
4
1
1
1
2
1
2
1
1
14
3
2
1
4
2
1
1
4
1
5
1
1
1
3
68
8
3
3
10
2
6
1
2
2
15
6
1
1
4
46
22
82
30
1
3
1
2
103
3
1
1
1
12
2
5
13
10
3
1
3
2
1
1
1
181
1
1
2
4
1038
48
1
1
3
62
1
1
6
37
1
7
7
9
1
65
1
18
2
2
3
1
3
3
3
8
2
3
10
1
1
3
16
2
2
10
2
28
2
4
2
1
11
25
1
26
160
2
1249
1
73
3
7
1
1
7
21
6
4
12
20
7
1
3
1
5
3
8
2
27
1
1
36
70
2
15
8
1
3
19
1
1
2
53
5
9
1
2
2
1
1
16
54
7
9
1
187
19
1
9
2
3
2
6
3
1
10
3
8
1
2
8
5
3
298
1
4
412
22
80
15
6
1
1
2
5
1
1
9
14
2
12
1
2
1
8
1
2
13
4
1
2
6
47
1
3
1
2
6
1
434
99
11
1
3
1
36
4
1
19
1
1
13
1
2
1
3
27
133
1
2
32
24
16
33
1
1
1
1
2
3
2
10
1
1
1
6
1
18
1
1
9
1
9
8
55
8
2
2
1
1
1
2
1
206
6
1
1
1
2
2
3
13
133
1
2
1
43
7
27
3
2
3
3
5
2
2
1
4
4
14
2
2
23
1
3
5
1
1
1
1
47
2
1
2
1
2
4
2
2
3
37
2
1
1
14
2
4
1
2
53
2
2
1
67
5
5
1
2
2
2
1
1
2
3
2
4
1
2
35
1003
3
11
3
5
7
2
1
2
41
66
4
1
1
5
1
3
1
1
1
507
116
95
1
5
3
2
52
3
3
4
2
12
1
1
1
3
13
1
29
2
1
4
2
19
1
3
1
10360
1
2
4
1
1
27
1
1
11
7
2
1
1
17
1
1
3
1
3
1
2
20
1
1
3
1
2
5
1
1
14
3
2
23
17
2
2
2
7
1
1
1
2
121
13
1
50
1
4
1
4
1
923
6
4
1
3
7
28
1
2
1
7
21
145
2
71
14
1
2
1
5
3
16
401
23
1
1
1
2
1
6
27
64
40
12
25
1
2
1
2
1
32
5
2
2
2
4
1
1
88
1
97
2
2
3
1
3
53
2
1
7
15
2
1
1
2
27
1
3
1
2
1
1
41
3
45
18
1
17
5
7
1
1
10
57
8
1
1
1
1
1
2
4
7
3
4
2
2
9
1
1
3
12
21
1
1
6
40
1
11
24
15
2
1
2
1
9
1
1
102
5
36
1
2
1
3
6
38
64
12
7
1
1
1
1
4
2
30
1
1
8
3
82
2
29
2
43
22
1
1
1
1
1
3
2
1
4
4
5
1
1
2
1
7
13
6
1
2
74
2
1
1
1
1
9
1
1462
438
50
4
1
1
2
5
1
8
1
1
1
5
25
27
13
5
1
27
18
2
11
1
2
2
1
5
2
1
3
3
1
1
4
1
1
1
4
1
11
17
98
8
1
1
8
10
2
62
1
2
1
1
2
1
263
45
1
4
4
2
2
2
3
1
1
1
1
2
1
9
4
7
1
3
1
6
8
3
1
1
1
1
1
6
3
12
1
1
20
10
1
1
1
33
8
16
10
1
2
1
68
7
2
1
2
4
132
3
7
1
1
6
1
1
1
15
2
1
2
17
2
1
1
1
1
1
1
3
1
11
4
3
2
47
2
1
9
14
40
1
1
1
2
5
3
1
1
19
1
1
1
78
1
1
3
1
84
23
21
8
2
1
731
4
2
8
25
2
1
3
3
3
1
6
65
22
48
1
2
1
2
2
3
2
181
6
5
15
1
1
2
1
1
104
5
6
4
122
1
1
1
115
27
2
2
10
1
3
1
2
3
27
2
2
3
2
1
2
14
39
8
18
17
10
1
1
2
2
15
2
1
2
3
122
14
3
3
41
1
2
2
1
2
19
59
1
1
1
7
9
1
180
4
1
1
3
4
1
2
1
22
116
9
2
4
1
16
4
13
18
8
1
3
4
5
11
1
3
2
1
4
2
5
2
34
1
2
1
43
1
2
41
148
2
6
1
7
3
801
17
7
1
1
6
1
1
8
1
9
1
1
3
1
585
12
8
3
13
3
2
1
1
1
6
2
1
1
1
1
17
45
1
1
4
1
22
2
1
6
29
1
15
3
1
1
1
15
1
6
15
12
1
2
2
1
1
1
1
1
4
1
1
1
1
2
1
1
1
1
2
1
1
1
2
4
1
418
291
2
1
2
3
59
1
2
5
67
1
1
2
53
12
1
5
31
1
1
3
3
1
3
1
1
9
6
2
1
1
1
7
70
70
1
3
1
2
4
10
1
6
1
2
2
4
1
11
1
10
1
1
3
2
1
1
1
4
1
5
1
82
49
1
5
15
1
1
1
39
1
5
13
9
9834
54
5
98
23
14
3
118
6
3
1
1
1
3
2
4
2
1
1
2
3
3
11
1
3
1
1
265
17
2
3
854
6
5
1
2
1
9
14
4
1
2
1
2
5
1
3
1
180
2
2
1
5
59
2065
91
1
2
11
4
1
7
4
2
5
3
5
1
2
6
13
3
1
2
1
1
2
3
3
1
1
1
30
1
5
1
1
3
6
14
4
10756
40
85
5
3
1
1
16
1
2
1
6
2
5
5
1
1
31
10
3
20
4
8
6648
25
2
2
11095
23
1
3
3
54
1
5
6
14
1
1
1
8
1
17
5
9
13
2
8
1
1
3
3
4
5
2
25
27
16
11
21
2
5
1
2
2918
3
78
2
9
5
19
2
3
1
1
28
25
10
17
2
5
3
5
9
3
1
6
10
4
85
4
8
2
1
2
2
1
1
8
5
4
4
4
5
1
1
1
1
1
1
2
1
26
4
3
3
1
1
1
9
1
10
6
26
4
121
2
1
1
10
23
1
1
1
4
1
2
1
4
1
1
10
1
3
1
71
2
1
4
3
1
2
3
1
2
4
1
3
4
2
25
1
1
1
1
149
2
13
1
12
141
8
9
2
1
44
13
3
1
17
6
1
4
3
18
1
1
1
5
33
3
1
4
2
3
63
3
1
2
1
3
1
1
6
5
1
1
1
1
3
1
1
3
4
13
3
4
1
9
96
9
1
2
1
5
44
1
6
2
5
1
32
16
1
1
4
3
9
4
6
1
3
4
1
4
15
15
2
1
2
109
1
1
2
7
12
1
5
1
1
2
18
56
1
3
3
2
2
47
51
1
7
297
13
26
1
2
5
1
1
5
4
1
1
1
1
1
186
1
1
61
54
3
2
32
1
1
5
29
70
9
43
1
1
1
4
1
12
4
501
39
6
6
4
4
18
1076
1
10
5
1
2
3
2
2
1
44
2
19
1
1
7
9
72
1
3
1
24
3
1
2
9
1
10
1
9
7
2
2
5
1
1
1
1
6
1
1
7
2
1
182
5
2
9
2
15
1
3
3
1
4
1
7
10
27
1
1
1
1
1
1
1
2
3
1
6
33
1
1
3
14
52
2
1
1
1
3
3
1
4
11
4
1
1
1
108
255
1
1
21
2
1
4
3
2
3
4
1
1
356
1
28
4
11
2
1
1
1
17
1
1
4
1
1
1
1
1
2
7
38
115
1
1
17
35
73
5
12
1
1
6
3
3
3
3
5
1
3
4
1
5
1
1
1
59
7
1
28
10
1
7
1
4
1
2
1
1
1
18
1
2
10
5
3
1
2
29
11
7
9
2
4
5
1
1
49
2
1
1
1
2
1
1
35
1
1
2
1
2
1
2
11
1
4
1
5
1
98
16
3
1
2
41
5
1
8
1
1
433
94
1
1
1
1
1
1
2
73
1
332
37
7
1
3
3
1
5
1
1
4
29
1
1
2
2
6
19
2
1
1
1
19
5
4
22
2
1
2
1
1
1
1
12
1
2
43
3
8
4
466
1
10
54
59
8
1
5
3
1
1
3
23
1
7
1
1
2
4
137
1
9
37
5
2
1
30
1
1
23
5
4
1
1
2
1
4
3
2
1
2
4
1
65
21
4
12
7
5
8
1
809
298
7
4
15
58
21
12
1
1
19
3
1
27
4
93
1
1881
1
3
1
2
1
4
372
24
2
1
3
230
7
88
3
1
2
4
1
2
8
2
2
1
1
1
1
1
2
5
11
2
8
19
7
1
2
7
5
19
166
10
1
1
2
1
10
1
5
517
4
32
4
2
1
2
21
2
9
78
50
10
76
1
7
5
3
2
1
1
2
3
18
3
2
1
1
17
9
1
7
7
1
3
4
1
27
7
6
1
6
4
1
1
5
28
16
63
7
2
1
2
26
306
6
2
1
1
1
3
19
49
14
2
1
1
1
3
1
4
34
3
3
1
4
1
1
6
4
2
4
11
2
1
4
1
1
84
7
1
113
1
1
1
1
3
1
1
2
51
1
3
2
7
51
3
5
3
3
1
1
60
6
1
1
1
2
3
3
9
3
1
2
5
1073
3
10
3
1
1
3
3
78
1
1
1
12
1
1
8
1
2
12
7
1
7
3
2
12
2
3
2
7
2
2
5
2
2
8
78
19
12
10
2
5
1
2
3
3
2
14
258
6
1
10
2
1
4
30
1
3
1
1
5
2
15
1
1
10
2
31
2
1
1
2
31
2
1
2
2
2
9
52
15
19
3
7
1
1
1
2
42
62
17
27
1
2
10
1
2
6
112
1
7
1
6
2
1
1
8
3
10
17
5
31
15
7
2
4
1
7
3
4
1
2
3
1
12
1
1
4
33
2
1
2
9
4
3
1
137
37
15
16
9
2
4
1
54
5
31
1
1
3
23
1
1
47
3
1
1
2
8
2
1
1
17
1
1
7
79
1
5
4
1
1
1
1
1
3
10
1
49
3
1
1
1
2
1
1
2332
28
2
8
3
1
7
2
14
1
2
3
7
19
1
48
14
25
2
1
1
1
4
2
3
2
1
25
23
2
2
1
3
1
2
117
16
5
8
11
3
1
1
455
2
1
7
7
1
1
2
87
2
1
4
2
1
14
1
42
54
2
2
1
1
1
3
1
4
2
31
3
3
1
9
1
2
32
1
1
1
2
1
5
2
11
10
1
1
5
1
1
3
3
1
3
23
148
18
1
25
35
14
1
5
2
35
6
1
2
19
8
12
1
1
1
5
1
2
1
25
12
1
2
3
96
1
1
1
1
4
2
1
6
1
12
1
1
2
1
1
3
22
10
1
11
2
1
1
1
9
25
7
3
2
9
19
1
3
1
3
1
3
6
3
1
2
3
1
30
7
11
3
2
1
7
1
15
1
2
1
6
7
1
9
1
1
7
1
1
1
1
1
1
2
1
1
1
1
1
2
3
6
5
1
1
3
2
5
18
2
7
2
1
2
1
3
1
1
168
11
1
2
1
2
6
9
2
1
1
4
57
2
3
2
1
2
1
4
1
1
30
2
1
5
2
3
3
1
49
27
3
1
1
47
1
2
1
1
1
3
2
1
1
1
3
21
1
1
1
3
5
2
1
3
1
2
1
5
6
1
2
3
1
4
2
14
1
6
19
2
1
2
1
1
4
8
1
6
21
174
17
1
1
2
2
1
1
2
7
1
5
3
4
1
1
14
5
22
1
1
39
9
1
1
1
1
1
2
1
2
1
2
20
46
2
2
1
1
2
16
1
331
4
5
1
1
1
7
1
395
1
5
4
1
1
20
2
1
9
3
1
2
2
2
6
2
173
1
5
2
20
2
39
21
234
3
1
1
2
2
1
1
2
2
1
10
1
1
1
1
5
1
1
1
5
35
1
3
2
5
1
2
4
1
1
1
1
17
1
1
1
17
1
1
1
14
1
2
3
10
13
50
12
1
3
3
7
2
1
1
1
2
1
1
1
2
7
163
18
3
4
1
19
13
2
3
1
3
12
1
3
8
8
7
14
1
6
31
1
1
7
1
1
7
1
2
1
1
2
6
6
1
3
7
4
1
1
1
2
15
1
1
2
3
3
1
1
2
4
1
2
3
2
5
5
16
3
75
1
1
1
1
13
6
1
2
2
3
5
9
65
2
2
27
7
5
5
1
1
2
1
7
66
55
7
19
1
1
10
1
2
1
6
3
2
33
113
2
1
5
5
1
1
1
1
20
2
1
2
2
1
9
2
1
1
24
10
3
4
94
6
1
1
6
1
3
12
17
1
1
11
121
1
41
1
2
9
1
1
5
14
2
1
3
6
1
36
176
7
1
1
1
4
2
3
2
47
2
11
1
1
3721
1
8
1
1
11
3
7
1
1
3
2
4
2
1
1365
12
1
2
46
1
3
1
1
10
2
1
1
2
2
18
3
1
1
4
4
1
1
14
41
1035
1
1
2
1
1
1
7
1
55
8
1
2
2
3
3
9
3
1
2
1
3
1
994
5
2
1
9
148
1
50
1
5
2
8
139
1
1
11
1
1
1
7
2
1
5
6
27
2129
3
2
1
1
2
1
1
1
1
1
1
2
11
76
1
7
2
1
20
10
15
1
13
9
2
1
5
58
4
1
3
3
21
2
3
1
1
8
8
20
4
14
3
4
108
2
53
1
5
69
1
2
1
2
1
13
8
8
1
3
1
18
3
1
1
1
2
8
1
1
1
1
41
31
1
2
2
6
14
1
1
1
22
3
18
18
316
5
1
4
4
15
12
1
8
3
2
1
884
45
1
1
1
27
1
14
1
22
1
217
47
11
2
1
2
3
2
1
1
11
1
5
25
6
1
5
10
73
1
7
6
16
1
7
3
2
12
22
3
19
12
2
2
2
3
5
3
1
1
3
2
221
262
2
1
2
1
3
1
2
16
28
5
66
3
1
1
3
4
5
98
3
5
38
18
18
85
1
6
3
1
101
10
23
4
7
1
31
52
8
1
11
1
8
1
7
3
2
2
4
18
1
1
3
1
1
36
2
1
1
2
11
4
1
2
1
3
1
1
8
3
1
14
2
1
3
3
1
2
1
9
24
2
2
4
8
2
8
3
1
1
143
4
1
1
21
58
5
4
1
1
5
3
1
1
7
1
52
2
1
1
40
4
1
3
16
2
2
6
39
4
2
12
14
1
1
1
20
1
1
58
12
2
2
2
3
3
16
35
1
1
3
35
17
4
1
1
32
2
1
1
16
3
1
1
5
3
1
5
16
22
3
2
2
91
10
9
1
1
1
1
1
1
53
2
1
5
4
1
1
9
1
1
13
6
3
2
2
19
1
1
1
1
2
3
3
2
120
26
1
1
1
1
3
11
1
5
1
2
1
2
4
1
3
1
1
11
1
4
56
6
2
1
1
2
103
2
1
5
5
9
1
11
1
2
24
6
5
9
2
3
2
5
41
2
2
5
1
11
1
4
537
1
3
3
2
6
57
1
3
24
4
1
21
9
1
34
288
5
1
2
11
17
956
2
1
1
7
9
2
4
2
7
7
6
2
1
1
1
3
41
12
7
2
10
8
389
39
8
8
4
4
3
8
1
7
3
11
12
12
1
2
3
2
3
5
4
4
4
4
3
11
1
1
1
3
10
1
3
2
5
1
1
6
6
18
2
1
1
3
3
1
1
1
3
2
5
1
1
8
12
5
3
2
1
17
31
1
6
142
1
1
1
2
22
1
6
1
1
3
9
1
6
8
1
1
2
1
5
5
15
14
1
1
2
1
1
1
1
1
58
15
453
4
1
1
1
2
20
8
1
1
1
2
5
27
1
2
1
1
5
24
6
11
1
14
4
16
1
4
38
8
13
1
1
1
54
1
2
1
3
3
32
16
96
1
1
1
2
20
11
2
1
3
1
8
39
1
1
2
1
3
10
1
1
1
1
1
1
1
1
1
9
75
4
1
1
1
4
6
2
6
13
1
9
5
8
1
1
1
2
20
6
7
1
1
1
2
1
4
18
4
2
99
4
3
1
1
14
22
2
5
12
1
1
1
10
2
3
5
19
11
4
3
37
4
2
1
11
6
2
1
1
2
6
3
1
2
1
1
1
651
2
6
8
6
9
1
1
2
3
1
1
10
2
3
3
2
3
1
5
660
34
44
28
7
1
5
8
1
1
1
1
2
2
5
1
1
24
9
9
4
3
1
7
8
2
1
1
2
3
1
1
1
2
1
12
9
10
3
1
3
6
3
1
3
7
70
1
4
1
1
3
2
3
11
1
1
3
6
1
1
5
1
2
2
5
1
1
1
2
1
11
5
1
3
9
92
12
2
1
2
18
13
1
48
8
1
1
1
8
186
1
9
1
2
4
1
7
13
14
1
2
1
1
45
1
31
1
21
1
1
1
2
60
10
1
1
2
3
264
1
1
1
1
1
3
1
3
6
2
2
2
9
17
5
2
1
1
1
8
5
1
8
23
1
6
120
1
2
1
11
1
158
4
11
8
12
1
2
2
2
3
17
1
1
17
12
1
1
7
2
3
1
11
4
2
1
2
10
4
36
1
2
70
17
54
1
16
148
1
1
3
32
1
2
3
3
2
7
5
1
4
1
1
1
4
2
1
1
4
3
1
9
6
40
26
1
131
38
26
1
13
1
1
1
1
6
4
1
1
10
9
1
2
1
12
1
1
2
102
22
14
1
2
1
1
252
200
1
1
1
1
1
5
1
10
1
9
1
3
1
2
53
269
3
2
13
1
1
4
1
2
2
6
4
3
1
1
1
33
1
3
2
2
27
4
12
10
10
9
1
2
6
1
177
16
5
11
14
7
2
1
10
145
1
2
1
1
9
186
14
2
30
1
3
1
33
77
14
6
5
3
1
14
6
3
3
1
5
2
2
3
337
5
1
2
1
2
1
1
23
1
1
2
1
563
28
1
6
1
5
2
19
8
1
2
2
2
1
1
13
1
15
470
1
1
15
34
2
1
4
380
2
1
1
16
10
1
9
67
1
1
1
66
54
1
2
2
2
3
1
1
1
4
1
1
1
10
3
2
4
1
1
2
2
2
1
1
6
1
6
3
1
2
1
6
4
1
1
6
1
1
1
1
3
4
61
2
1
6
5
10
2
1
1
1
1
1
3
1
4
288
1
1
4
14
9
1
1
1
5
8
11
4
1
19
1
4
9
5
6
1
3
1
1
20
1
2
31
1
1
1
28
8
30
1
1
1
1
98
5
23
10
57
4
1
2
1
2
4
3
4
5
1
2
3
3
1
16
1
1
3
1
9
1
1
1
1
1
29
4
2
1
5
2
33
1
33
745
5
4
1
2
10
5
3
1
2
1
16
3
1
23
5
1
1
2
2
15
32
9
3
18
8
1
1
3
2
29
1
1
2
218
56
13
9
1
2
1
4
1
1
1
49
3
2
2
3
28
13
1
3
13
29
1
3
2
6
1
1
1
64
22
3
6
1
1
132
9
6
1
2
2
12
4
90
1
10
1
2
3
1
6
4
3
25
3
6
9
2
2
258
2
3
1
2
2
5
1
60
34
39
4
1
9
2
1
3
3723
18
1
12
1
3
1
1
5
1
4
3
4
2
1
1
25
1
8
5
18
17
3
1
14
107
90
2
2
1
1
1
1
22
3
3
1
1
5
6
2
4
5
1
2
1739
1
5
10
2
2
2
6
3
2
9
16
6
3
2
8
22
1
1
3
3
1
2
2
3103
1
28
5281
216
17
1
1
1
1
4
7
1
1
2
3
3
1
1
2
566
5
1
5
1
28
5
1
2
1
1
2
22
2
2
1
17
1
4
1
4
48
1
6
3
1
2
2
5
1
1
6
1
3
2
2
2
3
3
2
3
1
7
1
1
10
9
172
2
1
1
3
5
1
14
4
21
2
1
1
151
19
1
4
1
3
20
1
2
3
3
2
1
1
7
2
3
6
1
37
1
29
3
2
1
8
73
5
1
1
2
5
1
1
5
1
1
7
2
35
1
1
2
1
1
3
3
1
195
1
4
1
4
3
1
1
50
4
3
1
1
1
1
6
3
1
1
1
1
1
5
20
1
1
12
1
1
13
30
5
1
1
1
1
1
6
3
1
23
1
2
25
1
3
1
17
4
2
1
26
4
1
1
1
1
4
10
1
1
1
1
47
29
1
1
2
33
1
4
1
1
6
3
6
1
687
18
25
25
8
9
4
9
9
5
15
3
2
1
1
2
3
1
1
6
1
1
21
1
1
13
1
2
1
2
52
1
1
3
4
1
1
1
6
2
89
1
2
3
1
1
3
119
16
3
1
1
8
115
2
2
1
129
3
151
1
4
2
1
1
5
2
3
12
17
1
1
4
125
2
5
2
4
4
32
2
1
1
20
183
3
23
4
1
5
1
5
11
1
1
2
3
3
2198
53
2
1
1
1
1
1
2
3
51
2
1
6
1
1
1
2
1
2
4
1
2
17
1
1
4
1
37
84
2
1
1
1
1
32
22
5
3
3
1
2
5
4
2
1
3
10
1
3
5
1
2
6
3
1
4
1
3
2
51
1
247
1
10
5
4
4
27
2
2
1
1
3
20
49
5
1
1
1
6
3
2
1
1
1
1
2
14
1
1
8
2
1
1
1
7
3
3
1
4
1
6
3
46
1
5
2
124
7
1
11
26
1
1
1
1
2
2
66
35
2
2
1
1
3
1
1
1
1
1
2
9
94
24
2
5
2
2
1
1
172
7
7
1
7
5
2
4
1
2
49
2
18
5
3
2
1
3
10
2
41
1
13
3
1
2
1
94
14
1
2
2
2
1
26
1
10
1
1
22
3
19
1
14
1
6
4
10
32
11
5
1
5
4
2
10
1
1
37
1
2
1
3
1
3
4
2
5
6
16
1
2
1
1
4
109
13
1
1
5
2
1
7
14
9
1
11
4
1
1
1
2
6
20
15
51
17
33
2
1
1
2
2
7
1
4
4
2
1
1
22
1
40
5
5
6
1
5
34
26
31
7
1
2
2
2
1
13
27
1
39
2
3
8
10
1
3
3
1
1
1
1
20
7
3
2
33
3
43
4
312
88
1
1
1
1
3
18
8
12
1
6
66
1
19
29
9
4
1
32
1
6
2
1
1
1
6
37
1
6
10
1
91
4
4
2
6
2
3
19
8
1
2
1
2
3
4
1
1
3
2
4
70
4
3
1
5
7
1
67
5
1
7
1
1
1
1
8
2
1
9
11
8
1
1
1
1
2
62
4
3
3
4
16
2
14
4
1
6
25
2
1
2
191
1
2
1
8
33
1
2
22
2
1
1
1
2
1007
3
1
1
1
2
13
25
1
1
2
75
64
3
1
1
2
3
13
1
7
1
2
2
2771
34
2
8
1
2
1
2
1
1
1
28
2
2
10
18
12
1
2
1
1
1
7
2
1
5
1
1
1
2
8
12
3
5
1
1
86
88
2
8
13
5
1
1
2
5
4
7
2
10
14
10
2
3
3
7
9
1
1
1
2
10
2
1
1
25
19
1
1
3
480
2
1
15
1
232
14
16
1
1
1
2
3
4
1
1
1
1
1
6
1
1
11
3
4
6
12
1
3
2
96
2
1
5
1
4
2
1
19
6
1
1
1
2
12
8
1
3
2
1
3
3
2
1
28
1
4
2
13
13
9
3
1
7
2
3
2
1
12
1
4
3
1
2
1
3
27
2590
7
11
5
2
3
7
1
2
1
2
5
5
18
3
4
2
1
121
2
17
1
1
1
120
14
1
4
6
1
2
6
5
4
1
6
4
1
1
3
1
107
4
1
1
4
9
13
1
1
1
66
119
9
1
63
1
1
1
10
4
6
11
5
1
1
2
1
2
1
1
4
2
7
1
2
4
1
1
1
1
3
1
7
2
7
20
2
1
26
2
6
1
2
21
53
1
15
7
3
6
4
7
1
3
3
3
16
1
4
2
13
1
1
11
1
4
3
1
18
19
31
74
2
2
6
1
1
2
3
2
1
1
1
2
7
1
1
1
2
104
1
6
1
1
2
1
1
1
5
6
304
22
3
6
2
1
99
6
5
19
1
1
1
1
3
6
2
6
6
2
4
29
3
313
2
64
2
3
1
2
1
1
29
3
1
1
1
1
14
2
9
1
1
2
32
10
2
2
1
2
14
5
1
1
10
1
1
1
1
1
2
1
82
3
10
1
10
2
4
1
246
22
1
8
15
2
7
1
1
1
3
1
1
9
30
7
8
4
1
1
2
20
4
36
27
7
1
1
1
4
30
1
1
1
6
1
1
6
14
21
4
9
14
4
1
2
1
1
1
3
1
1
2
52
5
1
2
3
2
1
2
3
4
7
1
1
1
4
1
6
3
2
1
1
4
23
1
4
2
5
1
7
1
66
12
16
1
16
5
4
3
8
15
1
4
3
4
1
39
2
5
1
3
1
1
10
4
1
7
1
1
3
2
32
85
1
78
1008
46
44
49
1
2
1
5
37
4
17
2
1
1
1
1
5
2
2
13
5
5
5
3
660
35
41
1
2
5
10
22
3
10
1
1
23
124
1
1
12
18
12
6
1
2
3
2
198
7
20
3
29
4
12
3
1
1
4
6
1
1
1
2
2
8
4
12
9
81
3
1
1
4
28
100
35
1
1
3
2
3
6
1
4
1
29
1
2
21
1
23
1
33
17
9
1
1
11
224
3
1
3
1
2
131
17
19
3
1
2
12
2
40
2
1
2
29
16
2
1
1
5
8
24
5
92
2
25
2
1
4
4
1
15
4
4
6
1
1
4
1
7
237
28
18
1
1
4
1
23
8
2
1
10
2
5
2
1
1
4
1
20
1
1
2
1
26
3
1
4
3
1
8
1
1
3
6
1
1
12
2
8
4
3
26
22
2
7
1
15
7
3
2
1
1
1
1
1
11
8
3
1
3
1
2
1
3
2
41
12
7
1
1
2
1
43
1
1
1
2
303
9
1
1
1
1
1
9
46
7
11
1
1
6
2
4
16773
161
13
14
1
1
18
1
11
2
254
16
2
4
11
1
1
1
2
22
2
2
5
3
1
6
1
5
37
8
4
2
21
11
4
2
2
1
2
1
2759
1
6
3
1
1
1
16
8
27
37
1
1
5
1
13
22
2
409
1350
3
14
8
2
14
2
6
18
41
3
1
1
2
63
2
6
2
1
117
186
25
1
4
4
26
1
3
2
1
1
4
1
2
2
2
2
29
88
3
3
6
4
5
3
10
2
2
2
1
2
161
3
1
28
1
1
3
5
1
2
1
8
1
1
1
1
4
4
1
23
1
1
1
10
4
1
4
4
1
1
3
1
1
3
9
9
7
4
3
30
27
2
2
106
11
35
1
5
1
8
6
3
32
3
1
38
9
1
1
58
12
1
1
17
5
1
1
2
3
1
7
11
4
5
1
2
1
1
2
53
3
1
2
1
749
40
1
45
4
9
3
2
12
4
1
7
1
9
4
1
5
1
3
2
1
6
6
9
1
1
3
2
37
6
5
1
22
1
1
1
1
1
21
8
1
3
2
1
2
1
7
6
18
1
4
3
1
1
3
23
3
4
1
4
1
3
11
29
4
3
50
7
2
1
3
1
9
29
2
2
5
1
232
2
1
1
435
6
2
4
1
2
3
1
1
4
28
589
1
7
1
8
1
2
35
2
2
3
7
122
4
1
1
479
10
31
3
2
2
20
3
1
2
4
2
99
3
8
1
1
1
194
3
11
3
13
54
3
1
3
138
6
1
28
3
5
6
1
1
2
2
84
1
4
2
758
2
10
1
4
3
1
7
35
10
4
1
2
2
10
13
2
3
3
5
1
2
218
1
1
1
2
1
1
2
1
4
2
2
6
14
6
3
1
3
44
2
1
1
7
1
16
1
3
3
2
3
17
18
1
3
1
1
4
11
4
1
1
19
1
2
1
28
3
4
27
31
9
2
1
1
1
1
8
1
3
1
2
18
1
1
1
1
1
1
2
1
7
1
2
1
65
1
36
15
2
92
47
67
7
30
4
1
1
1
2
13
8
1
13
2
3
5
10
3
2
2
10
7
1
9
1
1
2
3
2
1
1
1
3
4
7
2
2
1
1
1
1
2
1
1
1
1
4
35
2
1
1
2
3
7
3
3
2
4
8
33
2
1
43
3
1
4
3
194
1
21
7
4
1
439
24
2
1
1
7
1
7
15
2
1
6
1
1
3
5
4
1
20
5
1
1
5
3
2
1
414
30
17
1
1
6
5
3
4
4
20
2
7
3
12
1
1
1
1
2
1
1
6
3
1
2
1
1
2
1
3
1
3
5
5
1
1
2
33
3
1
1
2
1
5
4
2
12
1
6
1
1
1
3
5
9
109
1
2
5
35
1
13
1
6
18
1
1
1
26
6
3
1
1
3
22
10
19
143
8
3
1
1
3
11
1
23
47
13
10
1
1698
5
4
2
1
1
1
31
73
3
2
14
8
3
4
10
18
9
6
1
6
1
2
4
1
1
1
40
1
1
1
1
27
1
566
1
4
3
1
1
1
9
4
52
3
4
2
6
2
2
8
1
2
1
4
1
2
2
12
1
13
2
11
4
18
67
10
3
2
2
3
1075
4
59
11
1
3
13
265
17
1
1
2
1
1
6
1
1
10
1
2
2
2
2
3
2
1
3
5
1
1
3
18
15
1
2
642
1
24
1
5
1
1
56
146
2
1
2
2
35
75
1
1
4
1
3
1
1
10
1
1
7
4
1
1
1
9
79
1
2
5
2
1
1
9
4
5
13
10
15
12
8
1
12
68
12
33
43
1
1
1
2
163
65
1
1
1
2
119
46
2
2
1
2
5
5
2
18
11
4
1
1
5
1
26
1
6
4
1
5
1
1
9
6
1
1
16
16
1
1
2
1
4
9
19
10
21
1
1
1
2
3
10
2
1
1
1
1
7
1
1
90
10
2
1
4
6
1
1
1
2
1
37
4
2
1
3
11
11
2
1
1
4
60
4
1
1
1
12
44
27
34
2
1
2
16
1
3
1
3
1
1
4
2
4
3
2
4
1
1
147
5
7
4
1
2
1
7
4
1
2
1
3
6
2
12
1
6
1
1
1
1
2
1
3
2
2
1
4
7
4
1
10
10
1
6
1
1
1
2
4
72
3
6
1
2
8
1
2
4
1
1
2
452
12
12
3
7
460
69
2
1
3
1
6
13
1
2
6
1
1
3
1
3
2
1
1
1
3
18
16
3
1
4
2
2
4
18
2
1
17
20
2
14
4
7
2
14
1
4
9
62
7
1
28
18
11
9
10
2
2
1
1
3
1
3
246
1
11
5
1
1
1
37
4
8
7
2
1
4
1
2
2
25
1
1
36
1
1
1
2
1
26
9
1
2
37
29
1
1
11
6
28
1
6
2
2
1
1
5
1
1
1
1
4
7
1
1
2
1
3
1
1
1
1
3
1
5
3
1
6
2
1
3
3
1
17
2
1
5
1
1
2
8
39
7
2
3
23
11
1
16
1
1
1
2
1
2
2
3
2
24
1
12
1
1
1
1
1
6
4
3
3
1
1
3
42
1
1
1
2
2
3
11
2
3
1
2
1
1
1
2
3
1
2
4
1
2
3
259
2
2
1
2
1
1
11
16
1
1
4
6
10
2
6
3
4
39
1
1
3
1
2
2
1
1
30
1
2
4
18
14
12
2
8
14
139
6
2
1
2
2
22
62
18
61
1
1
3
3
2
4
1
1
1
5
11
49
3
4
1
1
29
1
1
2
5
2
2
7
1
3
68
1
1
1
1
1
12
58
1
3
1
3
1
1
1
1
45
3
4
8
1
1
3
2
7
2
175
6
13
9
1
4
15
36
24
2
7
1
1
15
72
1
11
6
6
2
3
1
6
2
1
6
4
1
9
3
2
1
1
3
15
2
3
1
190
10
3
3
2
1
11
7
1
1
2
10
7
28
1
24
1
15
1
5
31
7
6
3
2
6
4
3
5
1
1
168
2
5
5
3
1
25
1
1
1
2
1
4
1
60
3
18
1
1
3
65
1
1
19
2
1
1
2
21
1
1
2
8
6
1
1
33
1
2
1
3
1
1
1
9
1
21
3
14
1
2
10
1
4
2
86
105
5
5
4
13
10
4
1
9
51
2
4
29
3
1
7
52
1
1
1
41
13
1
4
110
1
4
5
1
1
1
26
113
1
57
84
1
2
2
38
52
6
11
1
10
2
25
1
4
1
1
1
6
2
10
5
6
1
72
18
13
7
1
6
1
7
89
1
3
3
659
22
23
5
1
1
1
17
2
1
4
1
4
13
44
18
16
3
1
1
9
5
3
420
40
1
1
1
4
19
1
2
13
1
1
6
3
6
1
21
37
12
6
1
1
1
1
160
35
14
1
1
1
1
3
15
152
5
1
1
5
3
38
21
4
1
1
1
1
1
3
1
3
7
17
1
2
3
7
27
1
14
4
1
2
15
1
7
7
18
108
7
2
3
2
3
2
4
32
15
34
9
29
5
1
3
2
3
2
2
1
1
1
6
46
1
1
1
7
19
1
2
1
1
2
2
5
1
5
18
11
3
13
5
1
1
5
2
76
46
79
19
2
1
3
1
1
6
10
1
1
1
2
12
6
1
1
57
3
26
1
1
7
1
2
1
3
2
1
2
2
3
10
27
1
1
1
9
1
3
1
2
4
1
2
9
15
2
26
2
1
1
294
5
1
1
9
2
2
2
1
1
31
6
8
6
33
2
7
4
1
1
6
1
7
7
6
1
1
5
1
15
1
68
12
25
6
7
11
1
50
3
2
1
4
3
109
2
4
3
6
12
8
6
5
1
2
1
2
4
5
78
7
1
2
8
21
210
6
1
1
1
3
4
1
1
40
4
6
1
22
20
1
1
3
15
1
3
1
228
1
8
625
381
6
7
10
2
1
2
7
2
1
114
2
60
13
1
10
53
2
2
17
1
12
12
1
2
1
4
1
14
1
1
27
4
3
5
5
8
11
148
8
1
7
2
1
26
53
3
5
1
2
2
16
43
11
32
1
5
13
1
1
4
2
2
153
2
3
1
1
11
1
1
6
2
1
3
1
1
1
1
3
1
2
5
12
6
100
3
1
2
1
2
2
2
2
1
66
10
44
2
2
24
1
41
1
1
1
9
1
2
5
1
1
1
1
1
1
173
5
1
6
1
5
1
2
2
2
8
2
5
152
1
1
2
3
1
1
1
3
14
1
1
1
3
26
9
1
1
1
3
2
1
1
38
1
1
1
1
1
3
2
6
2
1
57
23
1
1
4
1
1
15
5
4
6
6
1
13
1
1
1
3
1
2
9
1
33
9
2
27
42
1
14
2
148
16
2
3
2
1
4
3
3
1
12
1
1
1
16
4
1
2
5
12
3
1
23
3
2
1
2
1
1
1
1
2
1
28
6
1
118
61
7
2
1
2
2
3
5
1
3
1
1
4
11
39
1
7
2
1
1
1
15
6
1
2
34
80
1
20
1
1
2
3
6
4
1
1
4
3
1
51
6
16
1
15
9
32
13
1
64
416
3
1
3
1
6
3
3
1
4
3
5
10
225
63
1
1
1
1
2
6
15
2
51
9
111
291
13
1
2
17
4
2
96
2
36
2
2
2
1
1
2
2
1
2
577
1
2
1
1
56
3
2
1
1
743
3
1
5
30
1
1
2
11
1
2
8
1
1
4
3
1
8
14
4
2
4
5
675
5
8
1
1
1
2
3
21
4
1
1
1
1
1
3
22
41
3
1
1
21
1
1
1
1
32
3
1
10
1
5
2
2
3
1
10
3
3
3
3
2
133
1
1
1
1
33
1
1
2
81
1
1
1
1
2
2
2
2
1
1
4
1
7
5
3
1
2
3
2
1
1
1
1
4
8
2
1
1
1
106
2
1
11
1
1
1
13
18
1
4
4
1
39
14
1
25
1
13
1
1
16
2
1
1
1
2
6
31
2
1
2
1
23
1
1
8
1
2
2
5
1
7
1
1
4
14
7
3
1
2
32
1
1
430
71
15
2
12
2
21
5
1
1
24
1
14
18
3
1
4
4
190
3
108
11
1
1
34
3
5
8
2
18
3
18
1
1
1
1
6
60
1
14
1
1
1
1
1
1
2
17
53
3
1
4
3
1
1
2
1
6
2
10
4
1
4
9
2
1
17
9
1
4
2
7
1
6
2
2
1
1
1
2
4
4
1
3
4
46
40
2
4
6
1
2
3
7
3
1
6
16
1
6
1
2
1
2
3
5
2
6
9
4
1
1
2
15
1
2
1
2
331
5
1
3
2
23
1
2
3
16
3
15
16
2
1
55
204
35
1
4
2
1
311
24
2
1
1
1
1
2
1
29
9
6
1
5
2
2
1
7
29
1
170
42
1
2
1
2
16
13
1
1
1
269
8
1
4
4
4
1
11
32
1
1
6
1
1
6
2
353
20
1
1
1
2
6
6
1
28
12
4
2
22
31
1
1
87
2
1
1
1
4
102
4
7
1
1
1
1
1
3
2
4
1
1
1
5
2
3
15
22
2
1
5
2
1
475
13
2
3
1
1
3
1
1
3
12
3
1
2
7
27
1
10
1
1
1
12
61
6
2
1
24
15
2
2
1
5
3
1
52
4
1
2
1
1
2
2
5
1
1
1
1
13
1
6
1
2
2
86
57
21
1
26
8
1
6
1005
1
1
8
1
1
3
1
11
7
1
1
2
5
4
1
2299
1
6
17
32
57
9
5
19
1
1
2
150
4
2
2
16
3
1
1
4
3
11
6
2
4
6
4119
64
7
11
2
1
180
5
6
2
1
1
1
2
1
14
1
2
1159
370
9
19
1
1
16
1
4
1
1
3
1
1
1
1
1
4
3
1
14
19
1
1
22
54
3
5
1
1
3
19
3
14
4
3
10
489
2
1
2
73
2
37
1
4
1
11
4
15
103
11
3
2
1
3
2
3
44
6
2
1
2
16
2
2
1
14
2
1
1
2
2
14
1
256
1
1
10
12
24
4
1
3
3
5
3
30
1
2
3
1
4
4
1
4
7
1
7
5
1
2
547
1
1
2
1
13
3
3
6
1
8
11
4
1
1
1
2
1
107
15
2
1
1
41
1
4
1
3
5
1
1
3
1
1
4
6
59
18
1
2
9
46
20
5
1
2
1
1
123
21
2
1
1
1
1
2
2
599
25
1
1
7
5
44
1
1
3
53
11
200
2
2
1
2
7
31
68
11
1
1
2
11
9
1
1
6
5
3
2
235
15
8
8
1
36
2
10
2
2
1
4
9
135
44
7
1
4
2
95
19
2
1
8
1
1
22
9
1
2
1
1
48
1
1
2
1
1
2
4
2
54
16
3
6
2
2
1
11
8
2
1
1
8
2
26
1
1
1
3
6
3
23
1
1
21
2
1
5
2
9
76
27
18
2
7
1
2
147
9
63
12
1
1
2
3
2
2
4
2
1
1
1
2
1
3
226
6
12
1
1
3
1
1
6
2
2
7
11
21
1
3
1
4
37
1
6
16
1
1
2
6
51
2
4
1
2
5
1
9
6
2
7
14
1
4
3
9
8
13
1
2
8
49
13
11
3
2
1
1
1
3
1
1
2
1
27
15
1
1
13
2
227
6
2
1
1
1
41
1
1
2
1
1
1
1
7
3
1
3
2
4
27
2
2
1
2
1
3
2523
1
2
3
3
4
1
9
9
8
1
1
1
2
3
4
19
2
1
3
37
1
17
6
6
2
100
8
13
3
8
3
2
6
1
2
2
401
1
4
1
6
4
2
466
22
3
2
1
2
1
19
40
74
20
3
1
1
3
58
243
2
2
1
3
16
30
11
5
8
1
7
2
2
1
1
2
5
2
6
3
1
1
14
1
1
1
4
91
113
127
16
1
1
17
11
3
1
2
2
6
8
1
20
60
2
1
6
24
1
1
11
3
527
128
52
1
1
4
27
25
7
2
1
4
348
2
1
1
1
1
2
1
3
1
4
5
2
1
72
4
6
2
2
2
9
1
16
14
2
1
2
1
1
1
2
1
6
9
12
3
3
45
6
2
3
1
1
3
4
69
1
2
1
12
1
634
113
20
34
9
1
1
1
1
1
8
25
1
1
1
3
6
1
1
6
2
1
12
29
2
1
2
1
17
1
1
1
1
35
9
3
3
1
1
10
28
48
3
65
7
7
3
1
1
1
38
19
3
2
1
3
16
1
27
2
2
69
1
7
10
6
1
1
3
2
22
1
6
25
3
1
1
2
6
11
1
3
1
2
2
31
3
1
6
15
4
19
8
1
5
83
1
1
6
5
1
2
5
1
20
65
1
1
7
3
1
14
10
2
1
1
2
5
3
1
1
1
3
3
65
1
21
29
1
3
27
9
1
45
28
11
1
2
1
1
2
7
1
2
4
1
1
3
2
70
40
33
1
1
6
4
4
8
97
19
15
1
2
440
1
1
1
1
7
21
1
2
2
9
1
1
1
2
1
9
4
2
49
5
71
15
4
23
1
29
319
13
4
3
2
7
1
1
7
5
1
1
32
7
25
5
8
1
1
1
1
2
1
2
1
3
27
3
10
4
1
1
11
1
11
1
18
1
70
4
2
2
1
6
10
1
13
2
1
3
1
1
74
18
2
2
10
10
102
1
3
1
2
1
502
14
1
3
18
1
1
7
1
1
306
4
2
2
2
16
1
1
45
551
9
12
1
1
2
1
10
13
7
3
7
1
5
6
284
119
27
37
10
1
2
1
2
4
41
1
11
1
2
9
5
1
7
652
1
1
1
114
5
2
1
2
1
1
1
1
214
1
1
158
6
1
1
3
2
17
36
1
35
11
1
14
8
17
1
1
4
10
63
7
3
3
2
1
1
1
1
2
3
2
5
1
1
2
38
12
5
2
2
1
1
1
134
63
27
1
3
4
1
5
2
4
1
1
2
3
30
7
3
2
11
2
1
1
1
2
91
4
5
1
2
124
1
1
4
1
1
5
1
2
16
3
2
8
128
4
74
17
6
28
1
3
1
118
1
2
2
2
13
5
65
2
49
1
2
2
2
3
18
1
3
2
6
1
7
2
24
1
1
1
1
26
1
5
4
1
2
2
8
53
3
7
4
1
2
1
2
88
5
2
3
1
1
1
277
2
1
5
15
1
14
14
1
5
4
158
1
9
4
1
4
1
7
3
3
1
3
1
1
1
4
1
3
2
19
1
2
1
2
91
2
43
42
4
3
1
2
6
2
1
12
1
1
1
2
10
1
31
1
1
2
55
3
5
2
1
6
2
2
30
4
2
2
28
15
1
1
2
1
212
48
1
1
4
1
1
5
1
28
2
3
6
2
1
27
2
4
52
55
23
1
1
1
1
1
1
1
6
86
7
3
10
1
7
2
4
2
36
1
1
16033
3
9
1
1
1
4
3
2
77
425
4
1
1
8
1
3
3
19
2
1
1
1
1
1
6
1
7
2
1
2
1
1
3
2
1
13
9
8
1
1
5
1
23
85
38
1
1
1
40
2
7
1
5
1
1
4
4
1
9
38
5
1
4
7
33
1
3
4
181
18
3
1
4
1
16
3
3
5
9
70
2
2
2
2
1
153
2
1
1
9
9
2
6
1
24
1
14
4
9
2
1
40
92
6
1
1
1
1
21
4
2
1
31
6
2
3
5
4
19
1
1
5
3
1
1
3
1
4
3
38
1
8
21
1
50
11
1
3
132
6
4
2
14
1
13
1
4
32
78
5
5
3
1
1
1
3
7
2
32
10
44
18
8
1
55
67
1
21
23
2
1
71
7
8
1
1
1
4
1
1
1
1
4
6
6
1
25
14
1
1
5
5
4
24
1
1
1
1
1
26
8
9
2
1
4
3
5
1
9
1
2
1
1
5
11
18
13
2
2
1
1
2
6
5
1
1
1
1
11
5
1
1
3
1
5
3
38
1
1
5
5
6
5
23
2
5
2
5
2
1
1
7
16
1
5
8
2
4
2
1
6
1
2
29
1
3
26
7
7
1
3
11
3
24
3
5
4
3
4
1
134
3
21
3
1
19
1
1
1
3
756
6
1
16
1
2
1
37
405
4
15
7
4
2
1
2
2
1
7
147
1
4
5
2
6
2
5
8
16
2
2
2
49
1
3
5
1
3
2
31
18
24
3
1
1
3
449
6
1
3
13
1
3
1
2
17
1
7
9
5
15
2
1
16
3
1
2
1
3
1
4
2
1
1
2
15
7
2
2
17
22
1
6
3
1
2
5
8
2
1
2
11
1
3
3
1
51
19
19
1
1
1
20
56
1
7
1
32
1
1
3
4
18
4
1
12
5
1
3
14
31
1
6
3
4
5
1
1
13
1
5
1
3
4
9
1
15
1
2
2
14
8
2
1
2
2
4
2
8
12
1
27
8
1
3
2
60
1
2
8
41
31
2
4
2
10
5
1
1
1
1
1
39
1
1
1
1
5
1
35
1
3
1
4
1
1
2
2
6
2
1
1
2
1
1
2
14
10
4
1
4
24
21
6
1
2
1
15
8
774
22
1
5
1
1
1
1
7
292
11
8
3
3
1
6
5
3
1
123
9
121
4
1
1
13
23
1
2
6
2
3
2
1
874
7
12
12
1
4
1
53
28
7
2
2
2
1
1
1
12
3
4
1
7
2
3
13
5
1
3
11485
42
1
7
35
68
144
1
16
1
3
1
16
9
2
2
1
1
2
1
1
2
1
5
12
1
2
3
473
1
6
7
2
1
3
8
3
11
1
2
6
1
4
8
1
20
9
4
3
2
2
1
123
25
1
1
1
38
1
3
5
2
1
6
4
16
17
1
13
14
9
4
3
1
4
9
26
2
7
1
19
26
4
1
1
174
3
47
1
1
1
2
2
1
1
65
13
20
2
2
1
1
1
2
1
3
1
1
1
1
5526
22
1
1
4
1
2
11
1
1
1
10
2
1
2
1
4
5
1
8
7
8
5
1
1
1
3
2
1
12
2
5
4
2
2
1
1
1
2
11
1
2
10
1
1
16
31
5
9
17
3
1
1
1
29
2
31
1
88
5
11
1
2
24
4
8
4
2
1
2
1
26
85
1
1
1
1
5
2
2
1
2
7
1
1
1
2
3
8
10
1
2
1
4
6
2
3
458
10
3
7
2
4
52
1
10
2
8
5
3
7
1
1820
1
3
31
1
2
7
6
5
1
5
8
1
22
10
10
1
2
1662
1
139
23
20
1
1
1
3
57
9
1
1
1
6
8
1528
44
105
12
1
1
1
2
6
27
15
1
2
5
1
7
3
1
4
4
17
1
1
22
4
3
1
5
5
4
17
3
1
2
4
6
2
3
1
2
36
16
1
11
3
1
2
66
39
1
1
1
6
1
8
28
8
2
10
1
1
22
11
1
3
4
6
4
5
8
3
4
1
1
9
1
2
11
27
14
2
9
1
2
27
3
1
14
1
2
661
157
1
2
1
1
3
4
1
576
12
10
70
11
1
1
2
1
1
2
1
1
6
2
1
2
4
16
2
43
5
7
8
2
1
2
1
32
1
3
2
1
1
2
5
1
1
28
1
5
5
53
19
1
2
1
1
1
1
3
3
7
9
30
22
5
4
1
1
1
20
3
25
11
14
5
1
11
5
7
2
1
89
20
41
10
6
1
1
1
1
1
2
2
108
1
1
1
1
2
3
1
1
52
2
1
4
7
6
1
10
5
1
1
3
1
1709
20
1
2
1
1
28
1
9
1
1
1863
1
1
1
2
29
1
2
1
12
3
13
1
4
1
1
18
24
25
1
1
2
1
1
1
3
5
1
1
1
112
316
27
1
2
10
5
2
3
25
1
2
2
50
2
2
1
292
4
1
25
1
1
4
20
2
3
1
5
1
1
1
2
4
2
5
1
13
4
12
7
50
10
6
1
1
1
1
1
2
1
8
16
3
2
1
9
4
3
1
2
1
10
2
7
9
5
1
1
46
11
34
1
25
2
1
2
1
4
3
3
2
1
3
2
1
9
1
1
5
206
1
3
3
9
1
1
1
4
44
1
1
1
2
1
9
2
1
4
1
26
1
2
3
24
2
1
1
1
5
1
7
1
1
1
21
3
2
1
6
58
4
3
95
22
11
2
8
12
4
1
41
6
1
1
1
16
1
3
1
1
5
17
47
4
20
5
6
3
2
27
1
1
3
1
11
1
1
1
3
19
14
2
2
12
1
3
12
1
1
4
1
1
10
3
1
11
4
3
13
1
1
1
1
1
223
1
2
24
1
1
8
4
12
1
1
1
6
64
42
2
1
1
1
2
18
9
1
4
1
23
296
13
14
1
4
1
1
2
55
25
7
1
1
1
2
15
5
1
1
16
43
52
5
1086
1
1
1
19
24
3
1
1
3
6
173
1365
247
52
157
1
5
15
286
30
2
5
231
26
1
1
1
1
1
3
3
11
2
11
9
2
5
5
6
2
2
1
5
15
30
108
63
12
1
2
1
518
4
2
1
16
97
1
6
2
766
4
2
2
2
1
2
5
15
1
1
1
1
59
7
1
1
1
1
4
1
2
107
14
1
1
2
1
9
2
204
254
2
1
1
1
2
1
21
16
5
1
94
17
22
4
1
1
1
2
1
1
2
6
2
70
6
3
1
318
125
2
1
15
4
1
2
7
14
34
7
4
4
1
1
3
15
3
5
17
8
1
1
5
21
12
2
16
12
9
12
1
1
3
17
1
5
7
2
3
5
15
2
7
32
3
2
1
1
10
1
1
1
17
2
4
6
2
18
9
14
1
1
2
3
1
2
5
1
9
252
7
3
13
44
1
4
1
3
1
8
7
28
19
8
1
4
1
2
26
3
4
2
195
16
1
13
6
2
28
26
20
7
1
9
2
12
7
1
1
1
60
2
3
7
2
16
1
2
4
1
1
1
62
10
1
1
2
6
1
1
34
14
6
2
3
9
45
1
2
1
3
49
2
8
3
5
2
2
10
39
1
5
3
10
5
7
2
1
3
3
1
1
21
3
3
1
9
1
7
10
4
2
3
1
3
1
7
1
3
3
10
1
1
4
1
1
1
7
13
40
18
5
39
3
1
164
1
1
1
11
8
58
1
61
13
2
4
4
2
1
1
6
2
1
3
6
1
8
3
3
8
3
1
1
1
37
2
1
1
12
3
2
2
1
35
9
4
3
62
1
1
131
6
2
1
1
2
6
6
1
1
3
6
6
3
125
1
4
1
2
1
10
3
117
6
2
1
1
15
1
1
2
1
2
1
2
1
2
15
2
2
65
7
4
1
4
4
4
1
2
7
24
2
2
2
4
96
4
13
1
1
2
1078
5
1
19
5
28
87
1
1
1
1
1
1
2
3
1
1
4
2
282
24
1
3
39
33
8
1
3
18
18
1
31
6
5
1
1
1
1
1
3
3
1
2
3
2
1
1
3
2
1
1
2
415
1
29
2
2
1
3
1
2
4
5
11
5
3
7
4
1
82
7
1
1
26
19
41
11
14
11
1
5
3
1
2
1
1
1
1
4
3
6
1
6
11
36
85
17
2
1
1
1
2
13
3
1
2
2
2
94
45
2
1
5
1
1
1
4
1
1
4
2
2
3
1
1
1
1
1
349
4
7
2
2
1
4
251
3
1
7
1
5
4
6
3
472
62
5
139
44
25
3
1
1
1
2
5
2
4
1
11
1
4
185
10
1
1
1
3
1
3
4
1
1
1
3
4
1
1
2
2
30
2
1
3
1
1
12
9
5
5
4
8
1
3
1
2
4
4
1
1
1
2
3
14
12
4
1
4
1
2
15
3
4
14
10
18
19
1
2
26
1
3
6
10
2
2
1
1
2
4
1
1
6
1
1
1
1
1
6
1
3
72
322
17
25
3
1
1
2
25
7
1
1
1
2
10
24
1
2
1
4
2
2
1
2
121
1
1
1
2
2
143
1
12
5
1
1
1
6
10
1
159
10
5
10
2
1
12
1
9
1
13
1
1
3
1
7
9
1
1
1
3
4
4
2
1
6
1
1
1
11
5
11
12
7
10
1
5
4
1
2
1
24
3
8
50
1
1
1
1
6
5
19
8
1
1
1
2
4
17
3
1
1
1
1
1
11
1
3
2
1
8
5
1
4
9
6
10
1
1
6
1
2
1
27
1
35
1
1
1
1
1
1
3
9
14
1
108
3
27
2
1
7
2
7
8
2
21
1
4
2
2
5
1
27
16
20
1
91
1
7
42
25
19
4
1
6
1
2
11
2
7
601
1
8
1
1
3
8
2
2
2
23
1
1
6
2
1
1
2
1
1
1
20
2
1
88
2
7
1
10
1
4
1
1
1
1
128
16
14
3
13
1
1
4
7
14
2
2
2
5
16
26
95
2
2
1
4
1
30
6
1
7
20
15
15
29
1
1
1
6
11
10
1
7
10
53
2
2
1
1
8
336
1
6
1
136
28
1
2
2
10
11
3
1
1
16
56
18
2
24
22
24
1
15
16
1
5
2
4161
22
1
1
12
23
4
2
2
1
11
1
3
4
1
3
1
2
1
4
4
3
2
5
1
2
22
8
14
5
9
23
11
8
1
86
51
16
4
1
2
1
1
14
2
1
2
1
1
3
1
1
3
2
1
1
3
2
2
1
2
174
1
24
1
1
1
116
1
3
5
2
1
54
28
4
21
1
1
2
2
11
41
1
3
4
6
1
1
1
1
1
20
1
3
2
6
1
2
4
3
32
2
1
2
5
6
7
4
111
6
4
1
1
1
1
1
2
1
2
6
5
7
1
3
6
1
1
12
229
2
21
6
1
1
4
1
3
4
3
2
1
2
4
40
90
3
1
4
1
1
13
10
11
13
17
10
7
2
1
5
1
2
168
94
2
39
1
5
561
7
9
1
1
14
2
14
3
1
1
1
64
34
5
1
2
2
2
14
8
3
1
4
6049
12
2
2
1
2
6
1
49
18
32
3
1
1
2
103
46
5
2
1
127
1
1
1
3
25
87
8
2
3
2
736
1
10
15
1
1
2
10
4
3
83
70
1
2
3
2
1
7
5
1
1
5
1
4
7
87
2
3
1
8
51
10
21
2
10
2
2
2
2
1
5
1
4
10
53
6
2
91
1
1688
2
6
1
3
1
19
104
9
1
5
2
1
1
5
6
1
4
1
2
1
2
31
1
2
2
4276
4
15
1
2
1
2
1
26
7
4
1
8
2
7
14
1
4
1
1
5
5
29
7
2
1
1
12
2
3
3
1
31
1
2
1
6
6
10
1
1
3
2
1
5
8
4
1
1
1
54
11
11
1
1
2
1
1
3
312
12
5
8
2
7
1
1
2
1
5
17
35
13
1
1
11
1
16
5
71
5
15
5
15
1
1
1
3
3
1
1
1
1
1
5
41
3
13
17
1
50
11
5
8
95
5
3
7
10
1
1
1
1
3
3
1
2
1
2
23
1
1
1
1
24
4
1
2
2
62
7
1
3
1
9
66
1
4
3
8
1
11
1
32
2
1
12
12
12
777
27
1
4
4
1
1
1
1
1
3
1
1
5
1
2
21
9
15
1
1
1
1
1
4
20
8
2
1
37
20
4
1
1
3
8
34
2
6
2
6
15
1
7
19
1
4
12
1
223
22
1
15
14
7
1
14
18
4
4
1
2
1
10
9
4
1
83
22
2
1
1
5
3
5
1
4
1
3
6
2
26
3
18
2
141
6
13
4
1
1
2
4
13
1
6
1
590
62
107
20
8
1
1
1
2
2
2
1
5
57
3
1
2
4
12
1
1
2
2
5
1
1
42
3
1
3
14
2
1
2
2
2
27
1
1
3
40
1
1
1
1
1
2
1
1
1
1
6
1
3
1
3
2
2
6
2
1
418
6
1
1
4
16
34
1
1
7
5
10
2
5
1
398
35
6
4
22
1
1
1
1
1
1
239
14
23
13
1
1
69
4
21
23
8
3
8
35
1
1
9
5
20
2
1
12
3
4
1
1
2
26
5
1
5
881
2
1
1
45
1
4
15
1
2
86
3
16
1
2
3
23
8
63
1
1
117
6
1
1
21
2
7
17
28
10
1
47
20
8
42
2
105
21
7
1
3
5
4
2
1
7
14
1
1
1
1
1
1
1
5
1
1
3
7
4
14
4
1
3
4
4
5
1
6
2
14
24
1
2
1
52
1
15
3
1977
27
44
1
1
2
1
5
1
2
17
3
21
1
25
37
1
31
2
15
15
1
2
10
1
1
1
2
6
94
29
48
1
43
4
1
2
3
1768
1
1
1
1
3
3
2
2
1
2
3
1
4
3
1
1
4
3
1
2
2
40
11
3
3
2
3
1
1
1
3
3
126
25
20
1
2
1
1
35
1
1
1
1
3
46
7
3
1
1
1
1
3
14
1
1
179
7
1
1
9
3
1
2
44
5
8
3
5
3
5
1
1
1
1
3
66
1
18
3
1
186
9
11
50
1
10
3
6
1
1
2
6
1
9
7
4
3
1
1
1
1
1
12
4
12
7
10
3
1
8
17
888
8
1
65
38
1
1
43
54
1
1
2
4
1
1
1
1
2
10
1
5
1
7
9
2
1
5
1
1
1
7
27
1
1
1
1
1
4
3
1
3
1
3
3
96
1
5
2
3
123
123
113
17
1
1
1
1
72
3
2
1
11
43
39
1
4
23
39
1
3
1
4
4
2
2
2
1
2
23
3
1
11
5
1
5
66
7
1
83
1
1
3
3
4
1
3
2
2
40
63
19
36
2
1
3
1
2
30
5
1
4
1
4
4
7
1
15
2
1
74
9
5
4
3381
2
10
1
1
14
1
13
23
6
1
2
1
1
1
2
10
13
3
2
1
12
1
49
15
1
1
6
27
1
1
3
1
24
3
3
9
1
3
13
8
4
1
1
1
1
3
3
1
23
7
11
1
1
61
6
3
11
7
3
3
1
4
1
4
1
5
60
1
4
1
14
1
8
1
9
2
25
1
1
8
27
14
2
1
2
5
3
1
3
2
2
2
127
5
1
8
117
6
8
1
12
10
2
198
45
4
2
1
1
3
5
3
26
3
4
7
4
2
1
2
1
3
15
3
2399
69
1
1
1
2
8
5
1
13
1
14
12
4
94
6
1
2
5
4
1
1
4
10
7
1
1
2
1
1
4
1
2
1
4
13
1
1
1
1
20
10
2
11
23
1
7
73
3
2
1
52
5
3
5
1
19
1
2
13
38
2
1
1
2
1
1
4
2
1
1
19
9
12
80
1
5
17
6
9
1
1
4
4
10
1
2
2
183
4
2
1
1
35
1247
5
4
1
1746
9
4
1
160
3
240
2
64
8
1
4
1
4
1
1
12
3
2
1
31
6
4
3
2
1
2
2
4
1
10
1
6
6
1
2
2
2
3
20
1
21
1
1
1
2
2
2
1
1
2
1
1
1599
14
2
1
1
1
5
3
4
25
1
4
2
10
2058
6
4
1
1
1
1
1
3
1
1
1
11
2
3
7
1
6
1
20
2
59
3
11
19
1
1
1
2
1
1
2
5
5
5
2
2
1
1
1
3
10
1
5
2
66
4
9
1
5
1
3
3
1
1
1
67
7
23
1
123
39
6
23
1
4
1
7
5
1
6
26
68
1
1
2
4
1
3
10
25
4
92
10
35
13
4
1
1
2
1
1
23
3
1
2
1
6
12
3
26
26
1
5
1
3
1
5
1
2
3
1
153
70
23
1
4
3
1
1
11
3
9
2
1
1
9
3
1
1
2
1
1
1
1
1
1
6
2
1
2
1
2
5
1
3
1
8
1
1
1
1
2
23
7
3
44
1
1
1
98
3
2
3
32
3
15
1
4
2
21
1
13
5
1
13
12
23
3
2
5
1
1
3
51
15
1
13
2
5
22
1
1
1
8
1
1
8
12
2
4
12
1
3
4
23
8
23
1
5
60
1
5
2
1
2
11
4
1
2
2
2
3
125
1
1
1
5
1
9
1
7
1
4
1
1
2
1
2
4
7
7
1
1
1
1
2
1
1
8
4
2
1
3
1
7
15
2
2
1
2
4
17
4
2
1
7
383
13
8
7
5
1
1
2
1
29
9
1
20
5
3
2
3
1
1
2
4
2
1
1
1
5
2
1
1
1
1
9
14
2
2
1
1
1
3
1
5
26
1
3
5
99
33
1
52
1
1
1
5
9
2
2
45
1
4
2
1
1
13
1
3
1
62
6
19
7
11
13
2
1
1
4
3
1
1
7
26
17
1
1
30
3
2
2
1
116
9
1
2
7
1
1
2
2
1
2
2
7
2
4
3
1
17
17
8
12
13
1
1
1
20
2
13
1
18
1
15
8
1
2
1
1
3
1
2
1
1
172
7
14
2
11
1
1
1
1
3
3
6
17
9
7
2
13
2
93
58
1
1
24
6
4
1
2
1
19
4
1
1
3
5
41
2
9
3
1
35
3
2
1
19
1
1
2
1
12
19
4
1
1
197
302
5
644
3
22
1
1
1
3
2
4
3
14
1
1
3
2
32
12
1
1
2
1
1
3
4
41
6
5
2
1
3
252
7
1
3
7
1
5
1
3
18
1
1
1
3
5
1
1
2
1
39
23
1
6
1
2
1
4
1
6
1
1
24
2
12
1
5
1
225
26
7
1
3
4
3
1
1
5
426
1
11
1
27
2
1
1
1
2
1
3
1
2
2
22
64
1
4
2
3
5
8
5
1
2
326
8
1
2
1
2
2
1
103
1
5
1
2
1
2
2
4
1
2
1
4
1
15
5
8
12
293
3
1
1
1
2
1
4
1
1
2
14
1
3
1
3
3
2
4
9
3
4
5
1
36
1
1
1
4
1
1
6
1
16
6
5
1
2
2
2
1
1
6
1
12
1
2
2
22
1
2
3058
4
3
1
2
54
21
6
1
1
1
2
1
3
1
50
1
88
2
8
1
1
1
13
2
1
1
49
2
2
4
1
1
1
2
42
1
1
1
7
19
16
1
2
1
1
8
4
1
1
15
2
5
1
2
1
11
3
18
141
54
10
1
1
95
1
3
1
100
420
1
11
2
7
1
17
14
1
3
2
1
2
2
8
2
1
97
2
1
1
8
1
2
92
38
13
2
2
10
1
3
404
147
1
1
1
7
1
6
33
1
2
1
2
1
2
12
1
1
2
1
2
2
3
19
12
3
16
25
2
2
5
46
1
1
162
2
81
21
1
3
1
1
1
31
3
4
2
8
6
1
1
1
5
3
1
6
1
151
12
1
1
2
1
48
5
18
1
1
1
1
1
2
45
15
2
6
1
1
1024
1
2
138
2
9
26
3
1
1
9
2
1
4
26
76
4
1
3
1
4
11
4
7
2
1
46
33
9
3
10
2
142
1
1
14
3
2
51
1
1
2
8
1
7
6
2
2
1
1
1
2
5
1
3
2
1
1
1
2
80
9
1
3
1
1
12
12
3
4
9
4
7
1
1
4
164
1
1
5
5
78
2
1
35
6
2
5
1
1
5
2
2
4
2
1
4
2
2
2
10
1
1
1
1
3
1
3
2
3
15
6
1
10
99
10
1
21
7
78
1
1
1
14
118
5
1
4
1
1
1
9
13
1
3
2
2
1
6
1
2
7
1
1
2
2
1
2
3
5
7
3
1
177
1
1
2
2
1
2
3
1
15
8
7
207
34
12
1
8
22
1
7
8
1
1
1
135
7
1
1
1
1
10
35
6
1
2
2
5
1
12
18
1
102
16
2
653
3
43
3
1
4
13
7
5
1
2
106
4
2
2
25
11
2
8
86
2
1
12
1
5
15
1
136
6
5
46
2
1
11
148
20
4
2
2
6
1
1
1
4
1
88
33
1
1
11
2
1
4
2
2
6
1
1
1
1
7
13
6
5
3
107
1
1
1
3
1
19
8
1
1
12
2
1
1
6
1
5
2
4
5
2
1
6
1
1
4
1
1
9
2
2
12
19
1
1
2
3
305
6
11
2
1
37
8
10
40
12
1
3
3
5
11
1
1
56
1
7
4
2
1
52
1
1
4
3
12
53
5
4
2
1
2
11
2
1
10
340
17
4
1
1
1
12
5
23
18
1
1
4
3
6
50
51
12
36
2
1
60
12
1
1
3
1
1
30
1
3
2
6
6
1
1
1
6
1
3
22
1
3
5
3
7
8
5
1
6
2
1
1
2
1
1
4
1
1
1
45
6
1
2
4
1
22
127
24
25
6
1
1
9
2
1
5
5
1
2
4
4
1
1
1
1
1
40
8
1
1
1
3
3
3
14
2
1
2
7
35
1
11
1
2
7
8
5
34
1
1
3
6
7
63
1
8
6
1
5
43
186
5
1
2
3
4
1
1
1
1
1
1
1
2
1
8
3
3
10
2
2
1009
119
3
2297
53
1
70
1
1
1
2
17
22
1
3
62
3
9
1
1
4
2
1
120
2
1
3
1
3
14
14
2
1
4755
37
1
3
6
1
4625
1
3
1
1
1
1
1
4
6
1
2
3
2
2
1
6
192
29
1
6
189
2
5
1
13
65
40
1
1
18
79
55
1
7
1
1
1
6
7
1
2
1
6
4
1
1
36
3
2
5
1
6
2
1
4
8
19
11
38
1
20
1
1
2
70
4
2
17
1
1
1
175
11
66
1
1
1
24
4
24
7
2
19
6
306
9
4
245
4
4
2
1
1
1
220
1
1
3
4
3
1
2
96
1
1
3
3
1
7
30
77
2
43
6
1
4
92
13
1
1
8
26
3
2
1
1
5
4
2
4
1
24
26
6
2
6
2
1
1
3
1
1
33
1
2
5
29
1
7
20
14
3
2
1
1
1
48
5
3
5
5
1
1
4
160
3
1
1
3
33
5
1
1
1
1
1
3
1
2
1
5
4
1
2
41
7
1
1
8
181
28
9
1
3
3
11
11
51
3
1
1
1
2
6
12
19
2
1
1
2
4
3
5
16
2
10
1
4
1
1
8
17
1
2
1
3
4
2
25
1
1
1
1
4
151
276
11
3
6
1
1
62
9
1
3
4
23
2
6
1
39
97
26
1
2
2
1
2
2
6
10
54
14
3
18
3
24
11
3
27
3
3
6
6
1
5
1
21
1
3
4
2
3
2
33
1
3
6
7
1
2
1
2
2
25
40
8
2
39
1
3
1
4
1
1
2
4
1
1
4
2
2
7
2
1
3
3
6
1
53
12
2
8
62
1
1
1
15
1
12
3
2
34
2
1
1
2
7
7
1
16
2
2
1
1
11
43
5
3
1
1
2
1
2
3
1
1
10
22
3
1
11
1
1
2
1
2
5
18
3
2
1
1
2
15
1
1
1
9
2
2
1
2
1
38
176
244
1
1
5
1
16
1
38
9
1
1
1
1
1
83
4
45
1
4
16
14
1
1
6
1
1
2
2
2
1
1
45
3
28
47
17
1
46
7
17
39
2
2
21
16
1
2
2
1
1
6
1
7
2
1
2
1
7
50
1
19
6
1
131
1
1
3
1
4
4
204
20
5
1
2
8
2
1
1
3
2
2
2
1
1
1
1
24
1
6
2
1
2
9
4
1
3
3
3
536
195
125
2
5
39
3
1
2
1
2
90
2
1
1
1
8
6
4
1
1
3
1
5
1
1
13
1
1
9
2
4
1
3
1
7
4
1
1
6
4
6
1
10
1
1
4
10
1
3
1
1
1
1
1
82
1
5
4
2
3
17
2
1
3
1
1
6
5
1
1
12
1
6
7
7
5
2
5
2
10
11
7
1
4
3
6
1
1
1
1
8
14
2
18
29
18
55
12
6
3
13
1
1
1
1
2
1
2
1
5
2
1
1
2
1
3
1
4
2
1
1
22
13
5
2
1
25
9
13
1
8
3
1
1
1
1
3
2240
1
6
10
38
5
4
11
2
3
1
1
1
5
69
3
6
1
2
1
8
2
3
1
1
2
1
1
4
2
1
1
56
2
1
1
1
7
2
1
1
34
33
1
1
3
2
1
2
212
2
35
12
1
3
1
1
2
2
38
2
1
87
2
2
4
3
1
11
15
1
1
1
1
2
3
10
1
86
11
1
5
3
2
10
22
9
23
1
6
14
1
3
51
1
1
3538
1064
3
5
3
5
1
1
1
1
4
1
2
1
296
2
2
2
1
26
18
31
1
10
4
9
1
15
2
3
3
9
2
1
19
22
1
2
6
50
105
2
1
1
7
43
5
1
2
1
1
1
1
1
41
8
1
12
3
3
2
1
1
11
7
7
2
5
1
1
1
1
152
7
4
4
129
3
1
2
2
162
2
5
2
4
1
4
3
2239
15
73
6
1
1
1
1
35
2
4
2
1
1
4
5
2
6
1
5
1
2
1
2
2
3
1
2
5
18
3
5
28
4
14
1
2
351
11
7
30
3
4
3
2
2
1
1
1
3
3
4
3
2
6
2
7
12
1
2
11
1
35
14
1
5
22
1
2
2
3
4
4
41
8
2
1
1
134
36
1
1
1
2
1
1
4
11
1
2
1
701
1
1
29
1
2
4
5
14
3
1
2
1
1
1
1
6
29
21
1
1
1
20
9
2
4
1
1
7
3
2
1
127
6
9
4
1
1
1
3
10
30
41
1
5
15
9
4
6
73
37
11
32
13
2
1
1
1
12
1
9
3
16
1
2
1
1
79
3
38
9
6
65
12
19
13
43
1
1
1
2
3
3
82
15
67
4
42
20
1
4
3
1
1
1
4
6
7
14
1
1
2
2
15
1
3
1
4
118
2
10
8
6
4
13
3
2
32
1
6
2
1
3
2
2
1
1
6
2
2
7
7
2
1
161
38
35
1
1
1
104
159
1
62
22
17
4
4
2
2
1
63
27
3
1
2
1
4
2
1
27
4
2
74
5
5
35
10
1
16
8
1
1
16
2
1
3
159
1
6
2
1
7
288
16
16
5
2
4
9
3
1
1
60
43
48
2
2
3
152
59
5
1
1
37
85
1
19
6
1
3
18
1
1
1
2
75
1
68
1
5
1
1
17
132
64
11
1
4
1
2
1
20
1
11
1
3
4
5
7
4
181
10
1
6
1
1
97
1
9
1
1
1
2
892
2
3
1
2226
12
1
2
2
1
1
3
3
8
8
1
1
143
161
37
5
1
1
17
1
13
4
8
3
1
26
21
6
1
10
11
7
2
1
1
17
1
1
1
5
1
120
4
2
4
13
1
3
1
3
1
2
8
63
1
1
1
1
1
1
2
3
1
4
2
9
6
7
7
1
1
1520
373
13
5
1
8
4
2
3
5
2
97
26
2
1
1
1
1
65
3
35
2
2
2
58
3
1
1
12
15
63
1
3
2
1
1
1
1
2
3
2
8
1
299
6
2
12
7
17
1
1
1
1
1
1
20
2
1
1
1
4
12
14
7
2
3
1
2
46
6
1
2
3
29
6
1
2
3
9
10
18
3
1
2
1
13
6
509
18
114
20
50
18
14
1
1
2
1
106
5
1
1
1
7
14
2
1
45
2
13
5
18
202
6
70
4
1
1
1
10
22
1
1
1
2
24
4
1
1
278
1
2
2
2
4
3
1
4
3
7
1
1
3
55
5
2
2
1
2
41
4
2
3
5
2
1
4
33
1
20
1
5
7
1
2
2
168
1
1
1
2
2
2
1
1
2
8
1
2
8
1
11
1
1
2
2
44
24
2
6
2
17
1
8
20
2
6
1
3
1
26
1
3
1
298
13
2
1
1
3
2
1
1
2
95
2
5
2
1
1
1
6
1
1
40
2
1
3
3
19
3
11
17
9
3
1
7
25
4
12
1
7
75
2
4
1
2
4
10
4
1
3
105
65
1
2
1
8
15
1
3
1
12
9
1
1
1
2
4
24
14
14
3
3
1
4
3
1
38
3
100
4
2
11
1
2
1
1
1
11
2
1
1
142
9
2
1
2
1
1
4
6
1
2
1
1
6
1
1
4
24
5
7
5
1
2
4
2
20
22
56
1
10
1
8
37
7
4
1
2
7
2
4
12
9
51
4
4
1
1
5
2
20
1
1
8
1
14
27
4
9
4
2
3
5
1
2
18
39
27
56
9
2
7
6
1
6
1
1
6
1
1
1
1
1
2
8
9
1
4
11
3
21
3
1
11
1
2
8
1
43
1
1
3
1
1
10
3
9
28
28
3
1
1
2
3
1
3
1
1
4
6
2
2
4
9
54
1
1
2
9
1
1
82
1
1
10
2
115
5
3
3
40
5
20
32
4
5
1
14
22
1
20
8
1
1
2
4
4
2
1
2
1
4
912
11
10
13
1
3534
8
4
1
15
4
1
1
169
95
1
8
1
2
6
2
1
1
1
1
8
5
65
1
7
2
30
1
1
1
1
1
14
1
8
8
1
1
1
3
7
8
1
1
1
4
3
3
4
4
14
2
1
42
2
3
133
3
1
1
2
8
2
1
1
1
2
4
174
1
1
1
2
6
125
9
4
1
8
1
1
22
1
5
1
3
5
2
5
31
1
1
1
1
12
5
2
4
1
3
2
17
1
3
2586
92
6
142
31
24
1
1
34
1
2
8
1
1
1
55
2
3
1
5
23
4
1
1
7
2
1
1
137
7
10
9
1
1
1
36233
12
5
1
1
7
5
2
1
6
4
5
1
1
1
1
1
2
5
1
7
6
1
2
4
4
1
3
2
6
137
49
2
33
2
3
2
36
8
7
25
10
1
48
1
1
14
1
136
1
3
1
43
2
2
3
5
2
23
4
15
3
5251
46
6
1
1
60
2
4
5
6
5
1
11
2
1
1
1
1
53
426
40
5
9
3
2
8
1
1
7
1
1
1
4
8
3
1
2
6
13
2
3
3
6
4715
5
3
5
5
1
15
2
2
1
1
9
7
1
1
1
1
1
369
9
47
1
1
4
2
2
2
1
4
3
1
3
2
24
43
11
1
4
1
1
9
3
1
4
3
433
7
1
5
2
3
1
3
12
9
133
6
5
20
3
1
1
3
1
1
2
5
5
1
6
1
9
1
1
21
4
2
1
2
1
8
1
104
8
5
36
4
37
3
3
6
5
1
4
40
1
1
9
82
17
2
13
19
4
2
2
4
48
5
1
5
2
2
8
1
1
1
3
1
33
11
1
8
26
2
1
1
2
17
1
1
1
1
4
2
1
1
6
7
1
1
1
1
1
5
2
1
2
2
2
17
11
1
2
59
1
8
1
1
5
83
4
10
2
1
1
1
1
2
3
1
63
1
1
18
1
1
1
18
20
12
2
8
9
4
5
2
3
1
4
1
1
2
3
5
6
6
8
1
20
1
1
63
1
26
1
1
1
1
8
3
2
6
4
3
133
8
1
2
10
3
2
2
1
644
12
1
3
21
1
6
2
17
1
6
14
19
1
6
8
2
5
10
9
7
13
1
11
1
14
1
1
4
7
21
7
1
2
2
21
2
5
5
1
1
1
1
2
7
1
1
1
3
21
3
2
6
1
38
3
1
2
1
87
2
1
1
20
1
35
4
1
3
1
14
22
13
12
7
1
54
1
1
2
3
6
3
1
2
5
3
8
1
1
54
1
15
3
7
1
2
1
1
3
1
1
2
1
1
2
8
41
3
1
1
1
1
14
9
1590
4
38
2
1
1
3
5
2
1
1
2
5
1
3
5
308
8
3
1
3
8
1
2
4
3
1
1
1
2
2
4
1
1
8
4
1
1
1
22
6
2
1
1
19
2
1
3
1
7
183
6
3
2
3
15
1
12
7
45
6
6
1
4
1
97
1
1
3
1
1
2
108
1
1
3
40
1
2
4
3
6
5
2
21
3
2
2
4
6
2
3
3
2
5
10
5
5
15
1
1
3
2
12
1
8
1
260
31
1
17
5
72
19
49
3
1
6
1
7
1
4
1
2
3
1
1
8
1
1
1
1
1
1
2
2
4
29
3
8
1
1
3
1
1
2
1
9
3
7
5
2
1
2
1
11
22
12
1
1
1
2
74
4
27
2
10
4
404
1
12
21
1
1
1
115
54
41
1
3
3
21
1
7
1
3
1
6
2
4
40
12
4
1
2
2
3
3
10
17
2
1
229
9
1
1
107
7
1
2
6
3
3
1
1
1
6
2
6
3
82
1
6
2
2
2
1
3
9
1
1
4
10
24
3
5
2
3
4
24
1
4
1
1
1891
7
1
1
5
3
1
140
101
293
1
3
1
32
41
18
10
11
1
2
280
7
2
3
4
2
5
1
1
3
1
2
1
75
1
1
10
1
1
5
14
2
2
4
1
2
1
67
1
1
1
19
303
3
2
1
2
1
4
2
7
1595
9
6
5
22
5
1
6
1
1
1
2
1
1
2
1
23
66
4
6
3
7
33
4
79
5
135
1
1
3
11
2
12
2
1
3
14
1
2
2
1
3
1
460
48
19
1
1
10
3
5
1
7
1
1
1
1
1
3
8
1
32
5
2
3
52
3
3
2
1
5
1
4
5
187
74
3
3
6
1
1
4
1
2
2
14
3
1
6
1
1
3
2
4
1
1
12
5
35
2
1
1
1
13
1
176
11
2
1
3
6
1
20
1
3
1
1
4
23
49
1
1
2
12
3
3
3
1
1
5
1
87
9
1
1
1
3
3
3
2
2
2
89
1
1
1
1
348
15
3
4
1
2
1
13
1
34
1
2
9
2
2
13
1
1
2
2
14
202
14
2
5
1
1
1
2
2
1
1
5
24
4
1
3
3
1
5
4
1
2
16
1
1
1
20
6
1
1
1
2
4
5
2
2
4
1
4
1
4
1
1
4
61
5
3
2
1
5
1
1
1
67
1
17
2
1
1
1
1
2
1
1
3
3
15
1
1
5
1
2
1
1
2
6
5
2
2
5
2
1
2
1
4
1
3
2
3
1
6
1
1
2
2
3
5
2
12
1
7
1
1
6
1
3
1
1
1
1
25
2
3
1
1246
3
3
1
1
3
1
9
104
2
1
8
21
11
2
73
27
6
1
4
2
3
1
1
4
6
1
3
28
31
2
2
2
1
1
4
13
1
28
1
1
1
1
2
4
11
1
1
5
22
7
1
1
2
1
1
12
7
1
1
2
1
2
1
4
2
1
2
12
56
46
55
1
10
1
1
3
27
10
16
2
5
3
7
1
4
5
1
1
1
23
1
2
5
6
9
5
3
1
1
1
1
3
4
46
4
1
2
10
2
4
9
4
2
11
94
5
2
1
1
1
1
1
1
5
2
1
7
5
1
62
1
2
2
1
10
7
2
2
1
6
252
7
12
1
49
11
14
18
144
1
1
1
1
1
3
27
18
2
3
583
11
11
7
3
1
2
24
1
1
1
2
7
131
4
1
1
1
2
10
1
74
20
1
1
1
1
3
1
12
150
1
1
2
1
125
17
4
4
10
2
1
1
3
3
9
1
1
1
6
1
4
1
18
3
3
3
2
2
1
1
1
70
12
7
6
30
5
2
1
12
79
2
2
1
1
1
10
63
4
1
23
2
8
2
13
1
11
1
2
4
9
1
1
7
2
20
7
4
2
1
2
9
3
1
1
31
4
3
1
1
12
1
2
2
3
1
1
5
1
2
2
1
1
1
