0
1992
227
482562
34
0
122461
0
116463
161
0
0
0
0
28
20538
0
499
0
19
96263
51043
137
1657
2795
0
0
0
207
42
0
0
17866
0
18
47
87058
373224
12848
0
0
0
32
1617
0
491
5
68
4179
0
1
1803
0
243841
15300
0
0
222168
19590
4871
29578
320214
0
0
0
2175
30474
0
524
0
0
23064
0
27999
0
113093
1
440
0
0
447486
0
105
13753
0
79405
15621
4364
0
0
0
409
67
1330
0
0
6935
2728
0
0
0
0
2
6
526692
129664
0
4132
64144
0
0
151556
116
1
0
0
14
0
0
0
139631
1751
54
58
3
42178
0
0
141034
1788
214
255736
0
0
0
17181
85
17714
0
2071
0
82
0
180861
71457
0
16
1588
0
4
6
0
0
0
0
0
157839
265267
85
1352
0
0
59176
24779
134430
579
1472
8
4472
1292
7899
1282
10493
154132
36974
18
0
44
7
514
38106
0
0
4
4
127105
0
136
238
170
16
147
0
1815
29
0
4304
30178
66
1013
0
29797
0
5
307
80
0
132169
525615
0
0
70
33842
0
11682
0
0
3250
12246
487034
732
503784
0
143812
0
13
2818
80677
3
174340
0
0
0
147467
34892
0
38
0
0
710
10
0
176
0
246
7
670
2735
10
0
0
441234
151185
185
47883
0
5007
37031
0
0
37523
17559
3550
0
357
0
114479
3491
0
2536
185
0
0
64
0
56
34570
59
129383
30
0
9
0
0
2
508
0
0
0
45882
268805
73282
0
23615
27
22690
0
0
283
21110
0
0
0
64584
107307
376250
404
72335
11711
0
0
407651
153188
0
0
46
213165
0
0
41980
0
227477
0
0
11136
269
57
352001
155193
586
0
15
1418
1549
5919
105
0
0
44
48937
0
7564
241085
635
22
171047
190
4
155
0
2
0
0
95135
61
28
0
0
0
3416
134
10
88144
9
0
1
12
67320
0
5
214757
3
82
0
39
8041
6426
80438
0
6
51
99821
25110
0
0
1165
414
0
1431
474520
0
0
27
144
8142
22112
334
2189
15
0
0
0
0
0
0
1340
48212
507251
0
313154
0
49
1451
0
0
306650
64
13
980
12597
82146
331
0
0
101459
253
0
4
91524
4274
2
61
69
0
4091
124965
14575
0
351
164
9
0
0
7
0
0
0
0
0
13907
7609
30834
7
0
8388
11
191210
125
0
0
0
2
35
227626
0
5050
0
0
7035
2
5
0
0
175
2
17458
20
0
52865
0
0
15870
336
61381
58
116427
2918
1
1
203024
0
0
0
82203
0
5
5546
0
152467
86784
5
0
0
0
5584
6
10690
55
655
314429
0
177065
1
0
0
923
27
8
35817
0
1879
312501
0
8
931
1
2
1
4
1
8836
82526
0
0
3
5
92964
394
12111
0
31
8555
0
0
5
19
0
1388
141
0
2581
3948
485
15271
25
0
482719
2
0
1953
57756
0
61
0
13
0
0
10
1
48249
23
264612
21541
67694
115
41925
3
0
0
0
0
6930
3
69008
92946
40
160002
611
289542
1
0
5
0
116248
0
23
199292
0
7
0
0
0
122
8
0
2302
171825
15559
456739
469870
39
0
0
8628
72
1741
0
0
6
285
689
1701
0
0
0
4
555776
0
5
34
515
0
0
56
3
13
512769
194
4
0
2
157778
6
0
26
118429
9
12857
0
0
0
0
1137
66
7085
91318
0
0
105827
0
239067
0
5
1885
0
0
1
2
518
628656
13406
0
7
188397
135447
59110
35569
0
0
143
13323
527225
281
728
0
1141
63
392256
0
0
0
112215
30654
29
0
466539
313649
38
0
95
131102
29
204834
0
103
30822
0
0
2205
420
56505
941
0
0
0
45
1928
8864
0
0
12
45
842
1137
6
262661
444881
1764
80867
0
57
256
2286
0
0
21281
51
534286
0
0
0
0
0
0
370228
127350
13
0
10353
0
18
7185
824
3
0
8
36023
48
0
6371
39
29
5663
34
5157
374047
89431
77
0
0
77
0
8
0
0
0
0
2
4183
0
0
3
31752
18
293
0
165814
0
109329
85
368597
415652
9
2
0
185
0
13383
0
445
0
8848
30
198077
34
5841
0
0
242
6
307
0
3
1496
1316
54
0
0
15
129973
2
0
249
5
21
0
89
10020
3605
21
271501
210248
2319
0
0
0
57985
1324
11
29211
0
0
13652
43174
34
64
0
103
35
102
11159
502587
49888
984
32424
9
0
140
318
54
0
800
0
0
45
73
0
1916
0
4213
5
1751
1264
329
0
0
17200
0
59139
7041
3984
81818
0
29
302
102514
18342
2
18215
3572
0
17872
978
1309
25
72
142893
28166
109054
137671
22622
2
3107
526262
0
168407
3
252
582
0
0
798
5
0
143
422
1356
346676
232
209296
8060
0
888
13006
48661
3683
30628
68
0
278814
5
0
0
246593
0
5
0
127695
0
0
65017
538448
8
322
0
0
0
7
15
88665
282973
10
445
0
144275
95
119
0
0
316
3
5
317115
0
1551
504
44385
0
60049
0
22427
0
2404
0
15
1212
3
4968
33167
680
0
281
3926
190300
0
36
43
756
981
68556
132
5227
14398
0
0
0
0
472
0
166649
481822
0
0
3
11254
0
128
2
49
0
15
0
2668
40093
39640
0
0
34
14
0
58380
0
4792
0
0
730
154421
70
0
104550
265051
9
1107
391959
0
3
0
12
0
0
115
0
348983
3
10
8
1700
10
0
338615
0
0
18
6121
7
3986
90
0
0
0
250745
2
7
0
58776
331009
86
0
0
0
0
0
14181
6279
25195
0
41
24471
1620
58
0
95
383
0
0
14672
0
29
77035
22
18
140181
0
0
0
3
350235
3010
24236
0
0
0
21295
243391
3749
31879
0
0
179
28
97264
125558
0
9455
67
12804
0
343
0
19071
4
0
115
0
76291
0
0
40
412
688
3407
120149
0
0
0
2173
37
252
145968
0
63
0
0
0
1487
0
0
5157
0
0
0
0
1377
0
7
0
0
0
53
0
1
0
1690
0
25
0
0
0
985
16919
481810
0
0
8051
2
56
135
0
0
0
9
66
0
0
0
191288
3
6
189
0
1794
2
41106
65577
63837
0
36
0
0
7217
7
160921
2417
21
0
0
0
253
0
0
54
4792
52
0
0
94
8299
5096
0
219357
133
25
27
0
0
0
83361
7
224330
0
0
7209
247
2
0
0
40
150868
1454
347
0
645
115
272605
63
1344
0
0
236
96
417978
0
29970
2978
29
152553
151
0
0
0
51459
28751
25219
48516
294559
0
187
2
1777
45
0
51
4
0
1233
7562
0
23
1
3737
5
34
0
0
183
842
2
0
0
16934
136
1235
30762
32544
0
124
0
1011
601
91736
1
10788
5078
74
244131
7859
1289
3311
17189
13
648
5
6
88
4
6506
8553
291
2143
0
0
0
0
0
1246
0
191672
0
49833
585089
6
0
1885
14848
1686
47495
0
0
409983
0
9537
222
21
0
0
264523
7453
0
327915
989
0
62
0
0
11
12984
15
0
102241
193178
1648
61
154817
0
1721
0
7966
0
0
131362
180105
0
907
0
0
0
281923
207
285
121506
0
59971
0
2
18
399
12
1072
1608
0
0
19241
31783
112
1
32837
0
0
0
138307
812
0
58513
0
7
1
4093
15869
463
0
0
1712
0
39057
319965
16247
3
0
210
0
241
3
0
183956
5
2
0
237
2
0
0
227085
0
0
0
41267
54318
0
0
354
34749
263141
0
0
9
0
0
7561
0
0
0
0
35357
2426
0
63647
150379
164
0
16
47726
0
0
13
0
0
8099
113853
0
51860
254159
138067
0
289702
7
2
5855
28
166
0
0
22598
0
2003
0
0
225130
0
474929
17
292
0
20
0
4
36
128979
159
103
62
25157
0
43
0
0
130791
30
0
193028
18
0
9358
0
760
253
590
0
7747
205314
20387
32
0
0
0
24
55
0
0
366
29086
0
0
12
28535
20348
2
126806
21579
0
0
0
2750
0
0
140338
53
0
17
332
0
190
50
10530
17
15199
0
0
10120
2500
261093
45101
0
0
0
117360
8
6
10500
11
79037
2370
2949
94353
6
8
0
0
5283
247171
6621
4310
2966
87833
0
82
0
1381
78
550928
0
2
1409
30990
30
0
0
0
0
0
155
21806
1
0
0
0
0
27332
0
0
23855
22444
0
0
48
14922
454
2808
1
0
73063
7504
0
1249
15263
633
6
0
0
0
111254
1
21
0
352019
0
3825
183
76697
149902
0
0
0
0
1187
0
8043
0
23098
117482
243329
5459
184256
3085
139
104251
0
938
0
0
66
11
0
0
64
1095
0
42518
0
0
316849
704
5725
365177
68655
7
6037
0
0
415157
32994
467391
17
8808
203
98346
167
0
0
0
113385
0
0
0
106234
45
258
0
0
93192
0
2
8457
0
44390
0
2550
0
0
102137
53800
0
19988
280
0
29
101664
0
77833
452
103
23
606
2021
18234
0
0
0
477516
0
68606
0
0
377
3354
510373
0
65101
53
0
0
47492
0
27264
0
0
0
1301
5
3
156
109188
5252
144404
8012
0
159581
91634
367
1442
0
0
6
140
3
4
5
0
51468
0
13155
3
80707
0
0
0
283
298
9382
47
8
55545
0
21
192961
0
0
0
6
0
0
23
36
1
47
0
0
174418
14
0
0
73
77
0
7874
14780
25
0
8
0
38
256056
224169
26411
0
259
125562
93731
2038
510997
144576
4575
0
0
6
11
28600
50701
57
170267
8
470667
11852
84284
0
59
30
0
12
2
6
2
0
3
90500
14143
0
0
7
203
13901
132
50
71
17
0
83086
0
439
165296
1429
10804
5
0
0
65
109
198600
3901
2133
0
39351
55
0
0
59
459
308
15376
0
6623
284858
0
0
52
71
3001
691
0
18
89
0
9
37574
31
28519
2736
42569
0
11
141
77
0
16687
1374
66
44580
1
0
407
2
762
11
227
25193
0
0
135110
24498
0
0
4864
396
97101
2444
0
228725
0
1539
0
455511
332
82959
0
35430
4497
4
0
872
0
15140
270
0
3
7
1819
0
55302
0
31
34
0
69
0
0
22
0
419897
0
24651
1534
3
0
134346
14
597
902
550
0
0
0
0
248232
80609
15522
9
0
0
0
5781
0
14
0
0
19399
0
1540
18832
87
30083
569232
433934
0
0
0
121627
0
2
9275
0
0
0
35580
266875
34048
4705
4
0
181572
0
17
1026
11
101774
356225
38225
94
8602
55435
381759
0
53155
133525
5
308729
175168
864
0
97
7393
0
0
0
0
36
53
0
134440
0
118291
2003
173913
195714
91590
6
240099
0
0
650
202672
10
0
222545
5
173903
587
0
25
41998
9446
0
47461
570823
1188
0
0
564163
40773
427370
10210
0
102581
17
1
7589
463
7493
35500
10673
54945
0
20943
25
6
147560
0
0
1884
0
381
0
0
0
2
21
8
0
1340
133057
452784
1
240532
63043
139816
88493
40
0
0
0
57804
11329
0
734
421577
0
13641
334786
215
0
9434
0
1
0
139998
89
0
0
62
0
0
140
105
1577
0
0
48
0
0
4449
0
51559
0
482547
5
0
0
17759
0
1571
893
0
0
44
30106
37585
276
27
5149
11325
301639
10368
0
0
0
80628
4
139
0
21
0
61822
0
111497
0
2
988
13871
0
166737
2145
134
0
41004
0
6950
23
10
92177
4
351
0
42219
0
2130
54
64
10
21
0
0
0
108087
0
22
1347
2
3
17
237
0
4503
0
98340
0
28
5077
46898
543909
536529
132
0
0
11
0
3
442321
531973
200
0
93737
156
390
0
46
414
442827
0
0
514724
606
0
163358
0
202981
0
0
16
169603
17
117
0
4
47181
9557
0
0
3
5
60
0
0
0
0
0
319771
862
683
1079
76535
68552
597563
5081
0
0
43391
462
1231
0
0
8664
96
0
9746
43
334
208080
0
172234
0
10
0
0
3
10006
640
0
9
0
123947
11719
6
28
653
9
0
0
0
0
36357
192884
69
0
0
4700
89
22
124855
4
67466
7
26
0
0
0
0
0
65575
968
0
2575
43
43325
0
0
63572
0
4
42
28393
0
390640
1
126149
0
0
0
0
859
0
3
2
77
32070
0
0
4949
768
0
4068
0
0
0
1356
80
14
2525
60105
0
8
1485
502417
2
0
298386
41657
0
32379
84912
0
30854
173248
0
0
18472
0
0
0
9979
0
19
1822
4
2009
0
0
2818
192
84413
89
0
369474
0
0
106421
0
5
18
0
21417
112451
248033
203145
179058
195753
0
0
0
0
39443
0
12
107962
22
0
68
0
1819
285
299
0
0
0
0
0
10092
5299
2
0
0
735
615
0
0
0
67
2665
417
1378
0
81224
0
23
9554
623093
0
13110
3245
7
765
3270
0
0
8717
0
0
0
17
2992
0
147469
1073
173182
0
0
0
0
0
0
20373
0
448
11003
3345
397233
1281
60712
0
6166
610
578
0
0
0
5090
43138
267859
0
0
142
0
0
0
19
0
0
6889
0
20
8
2601
3427
244912
0
4
27542
3213
573
28
2140
0
79042
49496
47799
0
208
33
4
17
0
228
0
521
305226
10
123445
10
46
6
28
0
0
155403
0
0
32
6023
122
20241
2
0
0
0
17
72
7086
350
1701
0
9585
0
378025
271921
81
167008
1078
15278
13946
0
198684
273
1
30
70
317
6450
0
0
414
59053
54
878
0
220989
23644
2
2667
88
148
366
0
14817
4
0
94
43
1
0
0
0
70
274
0
14
30543
0
0
41290
30982
0
420369
0
24
61
6544
508901
487
0
5
156433
2492
452
303
0
33121
37865
21339
6735
0
98116
36447
0
64556
180990
60185
386658
911
0
105150
0
9
0
155781
26
11
145433
5128
0
16502
240266
1
353
1991
0
0
9140
0
0
69
0
178
0
0
53739
0
2
2171
4362
1375
723
135773
2307
0
0
0
15886
147728
0
0
0
0
1921
365
0
0
23
0
63
161396
0
3586
268
0
3383
52809
0
0
0
135
0
100
21
3151
0
30995
17
0
0
0
0
0
48007
0
0
0
0
8776
0
0
0
0
459477
0
0
0
349606
35167
0
3
17
93127
0
70148
47
53
0
6
54115
20
0
0
259775
2
1838
0
3253
12
0
0
42144
414
0
3514
0
0
73
207
15
0
0
0
4321
5
5
0
4050
0
175423
23771
9027
0
111
0
238520
439084
2783
0
243
0
22
0
0
206093
364720
0
0
0
91593
0
53586
0
2
24
0
46
3
0
0
0
4
0
92
200
9903
1
20
101
27
69
563
211010
2
5480
39047
0
0
0
5
249950
1242
4071
0
0
103306
80580
181862
239
0
10
0
0
5
83
220323
37208
2
11730
13553
0
3216
0
60
3
10
0
28211
0
347277
37458
0
79412
0
11
100773
26044
0
5667
4
2
182
0
128920
5418
22025
0
24488
26089
612457
5576
198316
43389
0
315143
2207
2879
1168
0
147690
0
0
216768
30398
3414
0
0
0
2
0
42182
0
0
35230
7836
65
300
1
8
56
87510
17124
0
0
51
0
78591
0
2244
48882
27147
23
0
0
5
62
24501
48
26788
3310
1
555
162369
208974
1
2012
0
11963
37074
32
0
73
20026
7067
0
0
0
26732
0
5
19592
2193
6986
356421
9751
0
0
117349
93902
28
15499
336502
51
381
751
8781
966
1301
1654
0
128647
1
72966
5
20466
271
9561
19
24173
15469
0
0
602
455
27
27
128
20001
74490
3
4651
207783
0
15
961
156
26
11216
7562
347492
0
5190
1
0
0
570
13346
68335
35
34645
54681
0
0
0
0
0
0
45358
0
31
12524
75934
73385
0
0
0
70
0
18
9731
2962
14379
7
224729
0
0
5
98
0
0
0
16
0
67515
0
102956
0
0
61
0
258
0
12
580221
0
4751
89737
0
362222
24844
0
4
24691
0
58961
380
246555
509
0
0
0
0
9
546508
34
0
4707
4
16797
457
30621
0
2
122
124171
0
28
934
0
139
4528
92
0
0
0
2401
52
187323
0
5558
121963
39601
29
55236
0
2641
0
305
0
0
69398
1
0
0
0
0
114799
0
0
26686
556
11875
143825
1325
0
6807
31
2856
0
42527
0
10605
60
0
2599
486972
123
0
52
57
0
0
68574
80428
17615
158543
16844
0
10158
109534
0
88
41
1513
552798
0
95533
2
0
0
96031
16
31
0
7
0
0
144328
5751
66
0
50064
15
70712
212029
8
25
0
2265
2
433
14
0
59
3331
0
0
75
263
0
0
0
0
0
11
0
0
30
81
89693
11744
9
0
0
1173
51
103
7939
139
0
0
0
1417
0
52
41990
11
169
3352
7796
66316
526
1
1
0
834
33950
0
79045
7
95498
242522
0
2
244502
348
0
0
10
685
2
0
5816
0
4
1994
0
156
19237
0
17425
0
9208
316
257225
291986
23044
0
0
0
0
36235
0
0
14
24304
0
1
1949
350936
6437
388143
1268
0
9839
60620
0
21251
0
11295
707
101
0
0
0
0
0
0
0
89115
22427
0
739
5
0
0
9630
739
37
23489
0
0
0
136527
144964
0
59093
6703
864
0
0
0
70
3
0
0
68
16721
0
170910
78946
363942
132481
92583
0
0
6
0
1
7982
581
26121
0
0
0
314
0
0
107703
0
0
0
0
0
386844
10630
42
8
0
0
49
176
1
12739
9371
0
0
11964
148557
112756
87036
2985
78
0
218
107821
0
42712
0
0
0
5
3123
0
21
180
0
1271
0
69
0
516331
0
0
0
1466
0
226173
38
59054
29033
0
304222
196
538
1456
68
57458
21
46449
0
0
48
31197
0
0
0
66045
0
0
3
0
0
1947
0
4
0
4449
2571
0
450
0
104
0
4
57
24638
0
103590
88
7320
0
99
0
0
3
4
0
0
0
0
0
0
81666
1
0
1
6
15308
0
181116
31387
0
2178
0
0
4830
14
0
0
198855
114
1423
5094
166659
0
0
0
263
5755
11
99
205894
0
200179
0
0
0
0
8
0
183390
3
93231
21056
17042
3
0
419
16
30
82
0
2907
89814
0
0
7
1236
0
25
0
0
347378
39541
3
0
93
66
24431
314217
0
139
0
0
134
28367
106255
0
0
74794
0
45268
42022
9
0
175256
43644
0
217
134
4127
5
240
659
6813
0
2
2
684
1439
80
4
62
1796
0
0
57
93
0
2
82626
2
0
4
0
161644
0
69345
0
868
15
12
7
0
241
3
20499
14
67479
0
336801
148
0
3327
16
271901
67527
0
0
0
0
0
22377
24983
11934
391685
43963
529
4
0
380386
3690
29500
581
19
2
0
0
55209
0
22
0
20986
5
21128
3
57655
55993
0
129967
3
262106
3727
14
11
188
2
0
7308
389
10705
123706
0
0
99099
159650
12
29068
218982
0
0
1960
4184
0
11250
9055
0
13250
105203
0
7
1473
5
0
14210
2763
0
0
16667
21
2193
19
39197
370910
0
2
14
2
15673
23625
0
0
0
171813
4
102
403
543708
0
0
0
7288
0
74800
238
128557
22986
0
133
0
0
29423
26
18598
20227
1080
67887
0
6484
0
0
7
2
0
20
0
0
0
0
165531
0
0
126969
35
0
60191
68865
82
3
44071
89
14614
55524
0
0
4
27
0
0
0
556782
132766
21139
3
244285
0
280924
2051
1
173433
5382
73419
0
0
35782
13403
6
0
0
0
647
0
0
21
0
140432
1170
124
0
228
11797
63701
720
82098
87556
6107
17018
793
65490
187
54098
235
13977
12
196
46
14
8177
7504
0
73845
124717
67131
467640
708
1
628
0
9733
474458
0
53
1
0
36
0
0
55093
523626
4
0
0
20
538071
51
360157
0
0
251387
34
530993
0
101018
44037
405744
23152
46
1642
73
99322
75
0
0
0
313568
20
3
562
7
0
265032
6496
0
27268
10
10
0
4619
0
110
59025
0
0
48
60333
9733
1951
46976
22
3901
882
46
19
0
5016
117977
26305
0
338886
150667
0
76
0
0
437
45
54289
0
183886
23
164978
65144
0
7
22
198
69
10154
460686
20142
0
3
645
10
0
0
233
21
0
0
22
2551
0
0
4031
3
21274
0
0
607
0
0
1207
27
0
8771
47399
0
0
0
0
0
9193
4410
0
18
187648
0
0
0
357189
0
0
1
4
354759
110
9065
0
1257
458963
3285
0
310864
36938
70
461
0
7
7475
8
16106
0
0
0
7898
69086
858
632238
0
17
22
641
173354
0
61453
0
25
9
38
52485
18684
78
99522
0
0
2
123473
0
14889
3337
0
0
461007
35
1188
0
59
351629
0
33
0
16
7
21821
1018
0
0
0
9398
0
60870
68063
17
6194
55591
0
59
0
512391
491
0
0
0
394852
0
56
7434
36
19091
0
0
57818
0
0
9211
27574
0
64517
39
2
1
0
4
5
187
0
7386
129833
138
2515
0
37935
4
1195
14
0
0
0
112
0
486137
0
770
579
0
227488
10062
12
0
0
0
0
71757
482875
0
22803
0
8
0
0
161969
0
0
634
48
19
0
3023
220876
0
0
0
55
67
335
17978
46355
63
23
0
594
0
9
0
306
3790
62986
0
63728
28846
0
46
1651
2544
27340
5870
0
67
0
60
0
29774
0
1675
15305
0
16
0
0
8354
0
0
0
0
0
0
288828
0
0
0
0
0
37702
132
860
363
0
0
198370
268291
36533
20
253166
78
65611
0
111
0
141648
0
0
4
7402
0
4288
0
99227
440
12512
182161
0
0
6357
16
1487
23750
186921
0
388318
0
5
0
0
6
214090
0
15995
264565
238195
270
0
392
13
3580
0
0
4
0
3372
0
0
0
82
200446
0
0
0
824
102
0
0
0
30565
5808
347237
0
3470
0
163892
0
437
264
0
344669
661
0
31314
297697
3248
0
6357
2872
542528
0
1703
0
0
35570
18
0
860
6
8
426
0
0
300077
415641
0
0
353104
19193
0
171
2
21481
0
0
109
11125
5
0
0
220
2386
0
0
0
0
0
415029
0
21772
0
256334
249
35
144186
231272
0
0
5565
15
0
4
102299
69431
0
0
0
13033
0
2
0
14267
47838
0
0
4
425716
0
22
206935
0
10018
63878
29730
2592
353482
5
0
56
381318
10
293843
147
818
8
89731
0
0
116335
242865
0
0
401331
564117
0
23
0
0
0
0
11
0
0
0
148
2
0
1277
110771
32643
0
67645
31014
0
0
0
0
3
0
0
0
2093
0
0
0
3771
0
54469
20069
4209
2
23
3438
0
108
350
139
1538
0
0
0
515759
0
0
0
278
56
5
327
210915
1763
0
109
697
183779
32646
0
41
432
0
53721
312
69
192
1484
0
2741
400
0
0
678
0
0
35892
0
2350
0
0
116800
3907
6
0
1555
48765
162776
0
0
0
532267
3
0
0
430544
8
5103
0
0
9310
7150
0
91082
35437
106799
48322
1
82
25298
10
0
0
0
0
5
11061
0
34
235037
117126
714
120
67
28
7289
91
57644
46375
4536
0
0
223341
0
317
9
19
9143
553
0
0
1458
0
23
0
298
199
179630
14
10
299633
0
91
31623
0
0
0
0
203
845
0
141391
35067
0
24
503231
0
0
56
6
683
5009
9
1905
0
0
23973
0
22211
6421
26
0
0
108
16
0
23
0
405
316
0
0
11
148
259521
0
64646
17815
0
4
2
10995
0
0
0
3246
262851
87
107379
5
225366
301
0
0
1
0
10668
0
0
230
6614
36
0
0
5909
462250
86016
3047
0
1
92
0
253
49
0
481
0
0
1918
3930
0
0
35249
270937
10
46384
0
0
21451
3495
0
0
62
3
1
0
0
8125
0
0
0
76
0
29
33227
0
86
199894
8556
372
2438
10601
0
27694
0
96638
0
2
39692
264156
0
269
2
0
92
0
154
489937
33694
31
0
0
1251
0
0
0
3195
104204
0
45774
3914
22
1
252335
276264
0
0
119984
0
0
0
0
0
0
323262
8
78
0
34413
451317
0
1756
138
86
0
1130
30
204428
0
26
2
14406
0
42295
252713
666
424695
117908
0
0
1860
4
1067
14745
2480
132950
36142
2
117154
95
0
59
8
0
146319
0
83421
0
13
2735
863
0
110391
0
1174
131493
0
0
0
2499
4684
0
0
0
0
85
2
0
122316
456580
2435
38
0
0
0
37
92228
5
489
2
8
0
780
34974
304
54
0
5993
135027
89115
0
3
14
0
0
0
84
0
13
0
18
0
6
3
6755
175322
0
165793
77883
26
0
0
115
0
53
16
6
0
4201
2907
29
0
24444
451
98
0
14
32
694
1332
5
134433
23
153
14628
89602
51779
19716
39061
811
0
0
1053
29440
2
8
382024
0
143961
0
69
0
99812
33
636
42
36
1202
0
0
50729
2424
10
5
84321
28
4
284
10
6
0
1372
49306
0
2
3627
4204
12421
3641
0
1796
8
24292
0
11
0
2798
0
1022
36271
376817
123
28173
2
0
0
122337
0
0
186
255607
0
0
246498
47
3297
0
71104
0
16791
0
0
5321
6
0
33
142150
0
1295
95503
0
125909
0
7160
988
408750
335193
84
18
128916
6711
56871
0
0
6
48417
0
0
563
26
70139
10155
0
0
67
4031
0
0
4247
0
7
325565
0
0
22
31
0
2143
56
319006
13962
43751
17
40866
3850
8876
451
0
0
0
61
0
0
9
10405
184430
145422
157488
29792
33480
41
11
0
0
77408
28
35
3869
0
0
12
210261
0
0
41
22310
0
0
63723
5931
0
21643
51
40
46739
29569
355499
17
6794
7804
0
0
0
0
0
0
2
16
0
9018
90938
0
0
7886
0
0
3595
10420
32
64766
46106
41
0
0
0
0
69842
1967
1864
7904
3
39
0
0
0
0
212210
6380
0
28280
0
353358
0
16901
53512
0
47632
0
0
1
0
42824
48
66606
4537
0
0
166062
4
1345
0
9
1218
661
0
36
0
119284
385
37132
17310
12
129
264
17248
421
45
150
332318
54647
0
11
0
9186
6
0
60118
5877
129381
17865
6
0
176832
2
108812
0
210
4568
0
19
7
932
0
206998
386
105
3
153774
0
0
36
9516
13639
105424
935
577
201
1665
272542
0
0
0
16
35
108
14208
438028
17
3386
4
51
443
3
152
84099
87397
5
0
14552
63013
669
4418
24
0
202595
73080
500647
60927
217
75360
63096
6669
44360
22591
6
0
0
0
12755
2864
0
91097
373920
5441
0
0
58
1
3
68642
0
0
49430
84372
0
0
0
2106
146050
18
0
0
2434
6124
86316
8743
358602
0
8
9
0
22826
5
0
0
0
154431
9
0
40
0
0
58133
220
0
730
371
0
0
84851
0
22462
152
2388
133
0
0
372500
0
0
0
0
0
1
3003
4
71279
0
0
0
235169
78
624
0
0
0
51095
1131
39
0
33358
0
0
1560
1296
95
242
0
7320
28003
300
0
3724
13
13
2212
0
0
0
12
0
1916
0
11359
44110
136
1977
9
0
0
0
177714
57
61
157021
0
59715
0
1025
88
0
0
159
0
5366
5471
0
0
0
0
0
0
0
0
0
11
35
4420
0
0
0
25290
6717
212
3858
40
0
10255
61
4761
0
0
0
340089
35
20242
35
0
0
0
462942
0
103407
3
21523
133156
18
1747
19554
0
0
20
2423
598832
33277
2844
0
0
0
88
404502
166569
31552
23
392
28200
11
25
9878
50
0
2255
3
278209
0
0
68814
382
123487
0
156042
0
0
0
4
409
119
1116
18
13
0
0
317150
35754
0
0
301
330464
94097
2298
373829
62610
0
6784
5
41
24
177
384
0
12421
318
0
0
0
0
240263
34370
1097
0
0
6
3416
11269
22
24746
0
12410
9
2235
0
0
269996
755
0
0
0
519871
0
2894
899
10195
7309
0
18052
55
6
0
135224
2589
5
0
146
0
0
273
116455
177467
3760
0
0
2752
75
0
0
97
0
612968
288028
10666
0
0
0
128695
0
3387
21286
0
25710
8476
10
6159
34
0
179782
730
6
0
1
2481
0
0
0
2573
23
0
66
0
170638
58307
0
4427
3286
13
0
346236
0
0
9
0
53
0
553
0
0
0
132604
10
9670
0
0
537
151092
5
0
0
0
0
0
7369
0
116950
6
155934
63054
87
31
31
4623
148167
0
0
0
203
29811
0
1524
595
0
22645
1
0
7978
0
2
0
14
96684
3285
3846
2
0
312418
52222
244421
83365
16
0
0
809
835
0
0
27968
453055
207118
0
5585
14954
431060
0
299588
92
143478
873
0
198855
32
375
23
0
135
4
0
0
40
30
0
303222
174014
8794
292971
48
15794
0
7290
0
0
0
31
196322
0
0
30455
7510
0
104
59979
15
23
0
1
17
20
0
91
0
0
0
0
2454
34
0
0
816
10808
0
1729
0
22
0
0
335
27
51
50
0
210211
0
0
4
6
0
0
0
0
0
296
0
266
0
16
0
5010
0
179124
20
3
128465
45289
2302
0
0
49484
0
334564
208576
1461
10251
68178
0
0
0
33
0
11952
15909
253654
17
29
4359
124
606
231
0
253071
5169
0
3
76
24606
176
2575
24
134060
0
1524
2
0
7540
0
0
142
5
2488
467590
18
0
250
0
16
4
81
5605
16838
6187
0
27
5928
35220
110755
0
14124
368358
101796
7166
5
34467
0
483817
0
5093
0
0
1150
0
0
45219
0
3
301
0
115
0
20136
202
643
6556
0
198410
13082
212365
0
0
7175
0
2
7
0
0
133
2
3370
0
73804
2
4
0
0
767
738
0
1991
3
0
0
0
30
51
0
5697
204701
215197
52734
0
0
0
8346
0
0
0
6
180073
500554
3875
0
0
14055
25613
1755
0
0
35065
0
18560
786
0
1577
0
3629
23629
0
0
6142
0
0
0
0
1844
42742
2
109616
0
78
518
3
32270
0
0
0
0
0
266583
0
34
4
0
0
5465
736
11093
0
0
0
6337
15606
2322
14470
0
17
0
1559
1953
436
30846
0
320
0
0
141
0
240992
754
0
0
0
34
3
185
0
0
0
0
32
2430
189
1430
4
2189
0
113847
0
380
1177
180187
72
508
0
162301
735
635
0
863
0
0
1752
0
326
0
0
0
0
0
2
5071
109409
0
4696
40015
452
0
6
2
3
70423
0
468848
2657
3345
7104
0
7094
0
687
33198
0
72
39209
0
0
83
63428
10
315
142
206647
2237
994
0
0
57036
496418
52
0
0
278814
7
36
16
26
0
224486
0
4985
0
0
0
14
36481
141167
6897
41
24
4652
0
182
12
10
0
5
22213
5219
0
0
0
3
92
256656
13271
0
0
5
3443
5094
0
496039
168198
2586
46
6
0
10787
0
3080
694
0
900
45035
8464
12
2134
15118
12905
49975
479945
7
419380
19607
0
383898
514707
39017
0
5
551
3
83723
0
88
217
0
7638
2
44
0
67
0
44
0
0
38901
0
22
9947
80263
142525
0
0
4
0
297
12545
388
42
51463
0
324
22
15
30867
97981
0
0
0
0
16
79012
4420
0
0
9
1425
198750
2387
6355
0
70273
2
0
30707
1000
50091
558676
589411
1543
27
2042
26
1510
19389
35371
34
6039
136
0
0
116334
26012
0
97705
253591
2
0
14
2
9
149
0
0
0
0
51037
12
0
0
5566
31219
2
0
0
368540
8
197
0
9452
0
79
4054
0
65673
0
0
81229
127
392300
23530
0
2742
0
4207
0
5
12
0
5653
136753
0
306332
224874
9244
0
0
16012
0
64856
210985
314784
219078
79662
56499
306
126699
0
1186
0
0
8438
14
7
163232
0
0
16
28
0
2862
244
5
37
0
0
5
98
0
96315
0
14984
245
0
219578
13
60713
189325
0
0
14728
77052
297
628
0
57
0
376
22785
197632
0
13065
7
6293
0
0
364853
3
0
0
4819
0
0
1685
422556
52
0
0
178212
0
0
236502
19
0
10
0
5189
0
8
137
0
0
15
48640
3518
0
0
0
0
34814
85619
0
0
0
0
0
19439
630
0
0
4749
0
0
406
1
16397
0
0
0
0
0
1056
152
0
1422
0
371847
969
0
32350
0
86
57478
197758
0
337
24072
0
0
0
0
62669
2848
0
0
0
0
25
384
0
0
2616
1
0
119138
0
0
16332
82826
1
0
2
868
105
131
10
440
43
118
41
11325
48
461
131083
0
0
1648
74
0
0
115
0
0
114
0
0
582
0
54153
0
346694
2
0
0
195370
699
0
0
0
2493
622854
28
0
400273
3
0
0
60141
3
62
25928
0
0
27942
11
86852
160148
0
11
7979
10
0
192
14978
0
0
263
163245
1575
3981
1022
0
0
44985
2
545344
46825
380295
727
5051
54
249047
0
0
7
3
67953
2
5
0
635
0
30112
617
0
0
217607
90652
113521
2
11
195442
0
0
0
0
0
252571
4768
2
258048
0
10142
0
0
0
132683
0
469277
9
0
102103
169
0
0
25302
0
34
5
495642
0
0
0
0
83
200
14209
11821
49489
0
178810
1763
573
160833
0
76
4093
0
60841
3141
0
218779
6821
5262
0
6145
0
27443
364880
46
0
4
0
36
1042
44057
12460
3027
63
24101
0
0
62169
3
129
15780
0
0
0
6103
83247
2
0
0
0
0
24871
1490
0
0
76
118
0
0
0
111
33326
74556
0
575
0
6392
70331
12
0
15537
527841
3
4
0
241
497
0
0
0
0
103
445331
301
371
22662
91
0
0
12704
0
0
0
0
0
442537
5171
40
1480
368856
29089
211319
280437
0
0
1
661
7907
0
5566
39017
432584
4
0
82587
8
393447
2
225
3384
427709
0
92779
33
302698
14
0
1
47430
0
20325
0
5
3710
0
207365
1518
134209
0
118
0
219
0
0
29
54411
4
0
902
0
15402
2203
2876
5
1226
46621
0
1020
75799
539592
5369
0
0
5
0
163654
0
29701
0
66388
4
35804
4510
16947
613
0
41791
0
0
1456
8
129
0
0
63
143122
0
288
2090
11196
0
6903
14656
0
0
0
35039
466
482
169
11
45
4
386928
0
0
40796
166138
9935
0
32108
1743
76915
0
0
10
0
945
19943
15681
49
0
37576
36
8
23
6
0
215583
234513
355163
0
2562
356
0
21
3850
149932
1522
4489
0
55724
144772
0
0
0
0
29
2044
278
38579
101
38755
2
8
2
12
0
0
0
0
247284
70
9472
2417
0
20417
3
0
49
6
143
5829
0
18
0
7427
471193
0
0
0
1102
60
0
5706
5029
0
75
4847
43923
265950
427
1490
4918
5
14418
0
106685
0
189150
26205
43604
0
0
59017
2448
106279
43
91
31067
0
269
48
0
123
13
0
328
0
0
0
0
119
116253
0
48
372
670
0
0
0
0
246001
6
21819
41247
35
31855
1392
624086
183
27644
0
184
799
268608
0
185053
6
0
307219
0
10871
259
0
396545
44
1265
0
0
0
333390
2
1091
0
0
0
149984
318
842
0
0
3613
13
11
502
0
0
31
5924
426
0
4135
0
193918
257879
1
3
509639
9579
0
165529
0
298613
0
0
0
34
564626
288640
16604
57
14
0
519106
0
0
0
27
618782
0
5646
0
0
0
94
3915
5
90864
480
0
0
21
3
321677
7
27
7070
0
0
281694
35
1963
57051
512622
14807
5260
680
230371
292222
157575
1224
13183
0
0
0
1368
413
468201
0
0
6
399
0
0
209
3
361207
0
938
0
11
34
113
0
0
0
410884
21
20638
0
0
0
0
0
4436
0
0
62
13619
176
821
3485
0
24507
105
5
37573
0
663
0
55
188314
0
143
5792
0
0
0
72213
6
3201
0
116935
23685
0
53598
3061
221563
0
352
0
26444
254541
3
1
3470
288
0
3658
18
6045
80843
0
9534
0
901
141352
0
1779
0
26096
284
1
46905
2924
8
49509
113494
25354
0
13619
0
384887
1773
8244
6105
89326
47
107448
0
24
363438
6
0
0
0
7
3
0
62089
29858
0
399159
6158
14658
6064
0
25799
6781
0
0
222
0
4
30177
0
0
163
252
1919
0
0
0
3
5
12694
0
9
0
0
0
40
138
22
70
2867
0
0
99501
0
437793
0
0
412
190936
60
0
58426
7627
0
0
0
0
429
0
8828
586500
56
37
229
0
52
402133
1949
0
21598
388
8
0
91
46
112795
4
8
551
0
85749
21456
21330
2936
0
20468
165800
2598
0
0
193
0
14965
45247
0
6
5
10
31
36349
37471
16633
0
0
2500
389
387718
0
0
0
49124
5
0
0
0
247387
2
0
39
0
0
130430
0
0
0
8586
3006
7
24
254559
4
36049
0
29
21487
48
16
0
0
0
0
12805
11
261424
3314
802
525
15024
127
5
4
372122
29
410741
907
0
65043
0
0
68
86123
0
0
0
0
311
138927
14
0
0
166504
102
649
88471
240000
0
30910
3097
47
0
0
296
0
0
0
0
0
170638
0
8
113970
487
0
4886
548597
26970
0
12
215
0
6
30
349014
25
0
0
0
124285
0
0
14
16
156
26
74473
0
0
148377
12
31821
139
5
295
0
0
0
303
3
0
0
0
16
0
0
1625
2962
65
839
39534
5
85
0
614055
0
0
0
46709
0
0
6956
58
63944
0
185
85570
107501
0
341
1113
95051
37
0
0
0
1524
0
2749
30948
18926
0
0
2063
332
0
3188
36625
15
0
2039
0
10
84
5640
0
1900
8463
30127
56617
996
2662
0
1835
6017
28709
0
64
94147
7066
0
1796
0
0
205
97311
0
3409
0
0
1544
436318
2
13
0
1
1
80
32
12
0
347
0
22286
8
5771
71
743
0
0
0
0
3
300679
278813
51
8269
3006
50
522
3
406
337
0
166494
35741
58
10
188536
2456
0
0
183
5
0
0
100
152
458
9151
0
38797
36399
126376
10
66
10
46178
58
169750
9231
565
0
0
138926
918
0
0
0
134289
59417
2758
48
5620
11811
1
19754
0
0
15
704
23
81
0
0
40057
338351
21481
6
0
2960
0
1
0
54823
123
0
7
0
114
64
31
0
0
247
8
198300
0
23262
0
415337
9
706
380
133816
0
450210
12481
5168
9
309075
0
6403
73
626
143026
0
0
452
9
1504
511
4
373430
735
250496
0
13002
18833
0
396
67836
49995
1166
0
0
76064
0
12976
3
215
58
0
0
17434
0
30
1122
1577
0
1015
47779
6619
9716
0
0
51357
0
58
0
0
80353
0
79
56662
0
1805
253
0
11
0
0
8261
223
0
0
138
81818
9006
6500
108949
42
9
27524
3391
0
1176
25969
139490
102805
0
0
0
0
0
70
1127
2595
0
286
0
246860
0
71628
415320
35
187
4871
0
0
638445
0
18
0
0
0
434915
2
4211
0
0
0
0
0
39
755
13004
2444
0
0
11628
322953
20402
2
15
2192
34
0
0
6
0
336
103660
2
662
3339
34838
40
0
0
0
117510
22
7217
214947
15176
71268
0
937
0
5187
25
303
22335
207355
212
3
66
4766
3549
0
186088
0
1
0
663
60964
0
0
0
271
1534
71
3
0
0
1021
0
1310
1462
336534
2
2
145042
146
32044
586614
1372
8177
246
41
3
167507
0
0
15218
91
30183
18843
239115
0
4
5
966
0
625
11016
2
0
9
110723
0
0
125316
0
104570
70
260294
83903
78
4
1117
11618
33613
61
9107
20677
34
427084
46007
128621
0
383434
2
71285
0
7
0
0
35
13424
0
436664
0
252
0
0
0
0
42817
2752
0
3
0
0
0
13130
9
0
37477
38102
0
0
25763
0
0
27
5921
2416
33
82426
96325
882
23
65547
361719
11
3491
339
0
583
0
37
76
50945
5
84301
0
8
123
0
0
6
9024
0
0
2037
52105
0
0
23057
160101
0
33333
570
92256
39826
0
581397
0
0
134589
5
58524
0
42003
0
2
3
0
27
78942
178
298932
174744
4840
54003
0
6748
0
9439
9732
0
327
0
24808
145383
0
108
4434
155
0
0
79088
380451
781
110
26
0
1
0
0
0
0
0
1018
6213
0
47795
489160
0
9378
0
1635
191
156
0
3397
17195
0
0
73238
40
154449
1393
0
67
0
2
4336
71
20556
82
7
24706
126
0
65196
0
40
41
533725
34386
3227
0
5
84757
0
0
9
1
148
19030
0
418219
187129
0
0
2975
7
5
0
7422
0
193
0
156886
12
214217
121586
17
5
5
2018
0
0
2
2586
421
260296
100597
479544
4944
968
0
309975
105495
76541
8
225635
46
0
0
0
2
27
4357
48955
2766
110
3832
0
831
19
2000
0
3
124504
323
10564
0
0
266637
335705
4
0
60411
469957
2
575797
497
0
15964
253895
0
30120
39
48
48744
0
50812
273850
7639
494
107203
12267
22273
68
0
6833
5
0
0
0
57847
0
0
585287
0
47
45
206909
21271
410
191
91865
0
79481
27
54749
0
0
753
0
3
0
208091
3644
386090
57086
2786
2
0
31081
0
0
2105
10
31398
0
0
8
0
88905
0
63
77589
8980
6
10
53
438717
0
0
0
0
15459
0
2005
0
64828
5
0
0
0
0
0
0
12504
0
1293
0
339776
0
33
0
127
30
44064
31
130
14
45
11
1791
0
0
0
1791
3613
11218
0
34
155848
66012
42540
1166
47870
55463
301676
71
3352
0
1254
0
0
56307
72418
58
0
0
0
110244
7037
50
126112
80679
0
0
0
0
403593
0
0
0
0
83667
9
1208
0
0
452955
18422
62
1874
10
158166
508
5529
72
95258
0
67
127149
0
4
7693
2
0
223
1239
34462
0
2
58
299945
0
0
8621
0
37078
18
199387
0
24
0
0
38229
38960
7824
0
536
18673
0
0
87
10842
209436
0
4
259
2377
0
0
55
9746
7875
8655
64815
106
95635
4
154830
5986
0
0
0
0
3698
0
0
4353
1087
0
3829
0
0
275406
0
48
0
15548
5507
89
0
0
171242
220
2332
0
0
6
0
66271
27175
364699
6
0
118
0
0
0
155626
1911
10
23
0
3387
8202
15
0
2931
0
520
7
0
0
0
1226
175
1579
0
0
132607
16
54
1963
36
1642
66265
0
0
127819
18
0
20
190
12848
4235
0
1
32517
4305
116725
0
0
0
70
35
23484
816
28
11844
80315
118993
316
450
7077
13333
0
10482
0
9262
8783
0
0
0
3
0
0
0
0
782
0
1
0
106996
54
0
0
0
9
5
21
75028
64023
235524
19318
245141
38167
28
0
350801
0
9133
0
842
78100
546
0
171
418594
6700
2642
1784
35
57
23
192695
2047
15367
2
155412
130
5
0
69026
6034
15
43
0
0
240465
0
0
120
0
0
4217
0
110
149816
369568
463589
354
8461
0
137
107673
0
0
14047
253
4
0
10808
1
0
89
0
64386
0
0
16
8
117368
0
133836
17504
3
27
0
0
669
0
75640
0
0
103
0
0
842
44792
0
0
0
3609
6
0
201792
21
596270
0
0
1328
2551
3860
1577
1705
23
173
6816
0
138
1
8
146
118
0
0
0
41991
2
8
0
0
0
185166
5
14
41
289238
0
242402
36832
2775
4341
1862
2061
12
0
0
1421
0
65
0
312
44371
0
29
0
0
3664
106
0
0
7
1423
0
0
308589
0
32535
3535
121
7423
38
0
0
0
638304
78423
94
60957
0
0
0
0
167
0
0
18
1369
21423
0
14489
48
0
0
0
268039
0
87
14668
27075
0
231247
10
2837
402653
0
0
72116
26
83204
0
0
0
19588
144
1034
13
116
0
361132
24
0
85433
0
5928
0
0
8630
408035
453
61010
538454
3
0
0
7
1068
60
12983
0
132258
0
627
5630
0
470641
0
1376
1855
169914
25
0
1146
0
0
0
0
397413
0
17479
486826
36421
0
1691
42371
18523
0
64
210
0
71
0
0
0
179544
54
7
68
8003
0
102903
132
0
361208
125271
0
0
43016
4
1004
1834
66507
21
3
5
268275
0
122839
0
9862
354
0
2418
213
0
0
125984
0
2057
1170
0
0
0
66265
42
48
79724
0
270
63711
9360
74393
72
60941
0
14
11
151518
22
26127
4305
17606
108
0
32990
1617
8
23226
0
8
8
3547
2706
1885
45
122730
0
0
605
0
145118
4
0
2825
37728
0
0
0
1
133446
73
32033
234431
0
85
0
342114
66141
70
0
0
110
0
0
0
152413
0
14
13179
0
517907
1
4
0
0
3945
9774
14
0
110
396464
194296
0
0
8635
0
0
0
0
31582
3
0
0
19725
0
156457
0
0
0
0
10755
0
4399
96847
0
306
308395
0
281923
71878
0
28
433757
0
43460
0
0
51122
11756
19
30
78278
131
405
350
0
225
0
0
0
272746
0
132556
115203
54904
172763
91
0
63
0
0
0
0
0
13
83
207488
44951
0
0
1823
6
0
0
0
274110
148507
22993
24
357207
1848
0
802
0
0
0
475454
129842
0
1118
188
0
253
25617
2
264007
3935
0
81977
0
0
4
19
0
0
481
6764
315
52678
20920
77235
76047
2
0
0
61
0
459733
310226
0
0
39
0
145846
106679
8
662
2
5969
11960
79
25
67
4869
0
122470
171135
3
94
2263
1
0
0
67312
150
448698
1799
0
0
0
48
2205
4
7546
935
0
0
327
0
0
43374
15
144260
385403
170
0
55025
2
0
0
0
0
0
7795
3
0
13944
0
35055
0
0
0
0
87
8294
19254
2049
0
0
72166
260141
21303
28280
2
16877
2480
280
0
1110
11
23
24
157674
14434
0
0
2
9
0
77
164
13718
127508
6580
0
1153
269
0
2
67706
0
2783
259486
352071
0
0
9254
550
247067
8
0
2
10
53613
181
139296
0
66
10
0
0
5716
43
103
11
0
12
0
110
0
18001
299
403
28347
8805
413270
30539
44013
98690
17348
0
0
5
40006
387
1175
159613
0
89
0
0
0
9739
0
84639
0
2
70164
34
0
0
2253
5
0
0
1439
53536
0
0
388669
3382
0
0
280563
19499
25998
0
0
3
0
137387
0
1012
0
0
0
41
0
128
1813
24
0
348190
77
0
26999
4308
2
6
51177
3390
649
350
719
730
0
48
112
569786
106041
10
79765
0
10
29
0
0
0
67
2446
0
40842
7
0
9372
84335
0
0
0
457
5
0
11
8
0
270844
311801
6
205
1799
178
0
1645
276819
536
0
6
0
0
0
5294
2901
4281
2768
108
0
9
10
3
30
0
42
0
90
1
0
6924
182497
4
2
778
24233
0
0
0
38
149252
0
36179
0
28
78
3
98
129
37
0
0
3009
29280
40670
2
77
0
0
0
236
4184
0
35350
743
0
0
7674
8484
101
0
44
195
4
276
0
0
0
0
3
202
1167
0
0
0
0
106651
177
7
1764
0
0
1324
3591
180
668
495
0
0
0
0
0
58961
0
1567
1878
71
0
79216
523
819
6
0
2
53305
0
26878
73
0
136
11
18
4
13049
46095
733
140117
63960
19759
2052
1
14
2
276
3
43167
0
193437
396339
96967
268992
15340
0
0
0
21773
22
0
0
0
1143
478
0
139038
0
0
251185
221753
22339
0
23617
11
1105
24624
1541
3497
0
0
1892
22649
2
297
15
526
131237
0
4909
0
0
51410
6077
0
0
0
152700
13
4
0
0
77
92787
48
0
0
105
0
102227
0
153706
23852
0
2751
181779
18764
4
31
0
0
0
60
0
35
0
414211
28868
0
191279
313
90
9460
216
345026
0
0
2
5116
0
0
42
3140
102787
63979
0
0
192
71
5936
43
676
460459
2905
81550
0
0
40
0
3909
41
3400
0
0
1802
0
15
0
67
9187
396
1206
220
57
0
5
59125
43
0
612
44850
4
24845
2
61358
83
112
693
51
24299
0
419874
0
37124
12220
80837
15
138
0
565660
255
1354
5
44141
0
0
0
36613
5184
0
0
29
35130
42587
0
242
14
0
0
55275
101
0
75588
0
2
0
13
3
3
22388
480
279
1695
0
175577
11754
357222
0
4
391833
43
3260
0
6309
22
41620
74689
16
0
4243
2647
0
292
0
3901
0
77
0
0
27
142
1384
65910
2056
27794
78
11
44
0
2309
180796
0
1017
2
26
25646
0
183599
24327
39
149
140
19
0
186
2991
0
0
11643
18013
489165
3
388315
116649
0
0
6
0
0
832
413659
0
9
0
0
0
0
638
0
474088
148
700
9010
14
28425
0
1029
0
139478
528088
108927
202010
0
35
30
33
84349
313054
1033
0
274
0
0
0
1984
0
237805
5256
0
0
0
0
0
0
3
22664
0
7
0
6564
0
179166
358734
241132
162
385280
1112
2
0
0
282470
1013
0
0
0
73488
69
0
0
0
157438
7
1148
0
0
0
79180
230429
0
0
678
0
0
0
0
0
40077
376501
79580
144040
0
509
3
0
0
24638
0
0
762
21287
6289
11821
640
0
1769
0
0
0
56585
0
34924
1424
0
66
824
4799
13
5
0
341
580005
9
109
689
2038
242906
0
53869
165
19739
0
430
0
0
0
6467
14752
0
8054
243
15
37854
0
1262
46275
398075
0
143012
0
0
0
0
11309
0
2
5590
0
3
64
6836
300
0
207025
375397
53618
1096
0
28706
0
0
2
6
10
0
66
23
0
0
0
32
23827
0
297224
733
13
0
22
0
0
29325
15730
64300
6236
0
0
52602
60664
0
5
8563
7
0
5
6441
1
6
0
22
2
13420
0
6
0
243
62751
4906
0
127
90
9
15
4
4
0
0
0
0
47858
5242
127
300
46
724
10
10
2028
0
547309
400
145162
368090
33
6698
20
71390
84990
480093
0
0
23741
299346
0
179014
4
0
30
0
0
32
242851
42636
0
0
3
125339
0
7324
30
0
0
27
288
0
122680
1948
0
0
11872
139
0
5242
225
30090
13516
52164
7879
3
14871
10824
0
0
0
74221
68435
255
23319
0
0
0
0
0
91580
20
26
26
0
0
49
0
0
0
0
25
95563
0
1901
0
24327
86618
5908
80559
0
1377
123607
276953
4367
9848
394482
20
0
0
0
0
95
0
0
481732
18
0
0
0
0
38
311825
49966
181016
0
0
83574
0
93
44
64900
0
52061
13919
9
0
0
0
0
15634
2231
74234
0
0
0
2
441531
0
94
0
0
0
60
52
0
75
5056
0
9
1200
0
2
0
2148
0
0
6684
164499
0
0
0
530323
55676
26
148519
0
168641
0
255
0
0
255
0
145898
332553
3368
0
30
0
0
50969
10
4241
40184
0
282646
2
0
0
4
12
8150
40387
3616
451652
14
499
0
0
280
0
655
1662
2815
0
219
156286
4
159482
9
2061
0
0
41
131
18373
1005
59195
825
2975
1350
0
0
0
0
4480
159
0
15
0
0
0
0
0
0
125961
2481
66
3042
0
27624
14395
0
0
54591
0
151
172753
100
14835
0
19381
45
25552
0
60
13257
0
31
44360
53
0
70
433373
3809
0
0
0
123389
28524
61141
0
14540
1874
21
55
110736
67018
69
0
85171
2159
14679
23194
0
284
823
0
96
0
593106
0
27
54111
58
184065
22118
107
559
0
0
517444
71
0
216252
0
433961
3
10363
0
12204
146078
2
0
422843
99
1274
7564
1466
50
4789
0
20
7
45
0
67546
75195
0
7
494
166340
0
0
0
0
70381
0
53
1914
19284
0
182
612773
539303
0
67
22
0
14
83
0
92281
0
159117
73
4882
0
0
0
3
3179
0
86313
2863
53260
0
476
33
0
0
413
0
0
47
148106
8
2112
0
0
0
3067
4237
3714
0
122
1313
272
527880
45
10
0
0
5
22122
0
0
0
48994
4
369
9078
0
0
0
0
0
51478
193967
6578
0
0
0
8410
43426
103
9227
74
104
0
715
328726
0
5
53
164386
53481
0
0
68
0
0
13768
4
88592
0
436561
2382
37
0
214
0
0
0
10646
3
4017
1658
0
870
7514
489768
575599
0
2488
142682
0
42
268
0
45410
0
0
98515
330
10904
0
0
0
0
490
0
36925
0
285466
293283
36
102
6
0
340
2216
0
11410
2
0
0
3
0
0
534
0
4112
17
0
0
120381
11
10588
0
1
0
280
2
101
2
76
161
24
0
0
548
3
45765
135181
303667
162
9632
0
0
11564
11629
57
166
282409
486
2300
1
141
90
11
11763
0
8
59703
254
976
0
0
0
85517
0
15
0
48629
2
2
1739
19
0
0
188
0
186
0
0
45115
0
0
0
0
0
12210
60507
0
2318
457
0
0
59
123
13727
3982
0
0
111855
6
222381
6709
2580
153
2
3
89949
0
157626
81
355513
22
0
6
0
9
630
19
2
809
83944
510747
0
81818
346005
127083
130
6569
10817
0
121437
1592
94741
189206
0
488
108518
0
0
282304
186802
212
0
6
0
0
40
248
695
9
0
136
89393
546
86674
36
0
19342
1950
0
18505
110851
0
8464
4428
0
2175
13104
0
87085
4
0
0
186255
0
66
185599
7026
5647
0
28142
11
41204
0
0
0
460882
0
5
7342
253977
0
0
120
0
636
0
46
4145
0
0
6
0
0
237
11057
43
17
0
137568
4873
14
464
92159
0
111471
0
0
8
420
2562
0
0
0
0
42403
1219
4
149
0
0
1257
50641
24
0
0
52
24
407
4
24845
8748
0
398822
109
22
7
2049
0
0
376836
165
253
0
0
24957
391
82212
2
5
130
10
56
0
95
6
1272
171860
38237
0
64552
16
13
6
19971
0
2685
153582
3
7
92164
0
38
0
0
17
16
0
185061
0
0
36
0
0
407
0
0
392048
33
248529
7
11
349
73
5311
66426
0
242
33
36124
0
0
1648
158390
14
0
0
0
778
33998
16841
314
0
0
44
219994
0
8632
180276
1337
18
63
65
139052
2642
0
312273
10
7
38
34
0
0
77249
3987
164521
303682
34029
6618
0
0
0
322558
0
212357
3
7945
743
0
0
345
0
0
7151
279669
12
4840
3982
186
0
1345
0
11551
18
0
5729
389
0
0
364196
20522
22
313216
47
0
64878
50
0
3752
243
75
40
658
0
16544
33702
11300
28
59
0
355526
255
75
4709
2082
90736
160
0
0
0
184777
0
0
186516
0
5
604
0
0
2040
384922
2
14340
387493
0
0
0
10
0
0
11707
0
0
0
0
14024
832
0
60792
240147
51711
142
24199
81358
0
234340
0
873
1
0
193763
122929
1301
15782
0
918
8770
2902
0
0
0
194967
68
74
45
33227
0
117358
2
0
12
183
5
204890
7
5384
1384
127501
14371
42210
367608
3580
0
784
43824
2
0
78409
0
635
682
150696
2
27
180497
418692
0
204828
0
620
31
2
218
132542
0
0
126981
584
3
43522
35862
0
75432
507
645
8470
1041
3036
0
2818
486278
35
0
0
435032
2
229023
5507
65
0
0
3325
0
0
0
58256
5
15
9
3981
0
0
1691
35
103255
0
249068
111634
158
65
0
96
10
14732
0
1282
830
0
0
134
25075
5
8
2
0
0
58868
65
3
21700
467945
0
39386
1
2091
0
0
0
0
64
0
83718
0
4589
20558
241
0
20
58157
3285
121832
9
525721
95
0
2938
3
12064
0
25726
0
0
0
53
0
2
111
211
425
828
40
33853
246767
46143
0
0
14058
178
3
0
436
0
10
0
4
7
250
160
3261
0
0
0
0
0
781
4
0
0
0
125
28135
0
0
3996
3219
0
1259
68
537776
0
261941
0
25
0
0
0
0
17
7710
242941
20382
0
0
55
8
32
86754
3
10
2
69619
0
0
0
66
95
144059
7
0
1019
18
0
618
544628
30132
28
0
597
1150
34503
0
0
94
42999
60
0
36348
90
184754
0
0
45443
440
2777
0
146340
0
288556
19090
18
222661
0
12460
38
47653
111
4716
0
45910
28
0
0
1420
143
0
14321
5297
0
2219
7
0
0
10268
185788
0
897
474
4884
0
0
225143
579
22787
0
0
0
14169
54441
2
0
5
39
0
150
345
75
0
6
736
8440
0
78
0
0
13009
735
0
420304
879
0
0
66429
11060
8
69
378
0
0
59
78
39441
27
10
23
287
0
610
2
0
0
0
0
3341
78
0
70110
207398
331
0
0
0
95
0
2948
546
70213
28
2
10
565
24047
9
0
14
2
5
17017
128214
21
127
0
0
889
9349
0
0
17
10
140
74509
170
0
0
0
0
156535
0
350144
0
7910
257
78
30
42749
0
0
18
0
11021
0
56
0
32
13786
75953
17759
0
71
6
0
461
364527
0
171909
0
0
11
17
224630
97216
653
241
52
0
71766
0
49586
0
3
21
0
1864
27
0
0
22
0
0
2
30275
485125
31732
528882
16
0
0
111
7
6295
3
0
0
85
0
1162
39
28042
60562
39
0
83595
3504
5
7
5
245
2699
0
12
0
422476
649
13
0
3423
0
19089
1202
7041
0
4446
4
0
0
0
4
6700
228710
0
140679
0
0
0
0
3
0
0
2
445
0
0
21668
312253
3989
24
0
51
45
0
5
8483
1477
0
0
2248
15966
17
9346
242773
272488
473785
0
0
0
0
83862
109255
28029
6514
0
0
154051
60
3597
4204
794
2429
0
0
0
13
10
695
0
2159
63578
0
4928
3005
10651
0
0
75358
251995
125
8224
19367
118967
4015
265342
0
0
0
331325
8
25973
294
0
54015
46
0
0
28893
0
0
8504
0
2
84
117599
326399
3045
30
3943
55
89
10790
221
0
122001
0
4
0
125293
10022
319
289
19861
12
229823
20
0
296
405732
196397
82209
12
0
4415
560438
39
0
5429
292863
379
0
0
0
0
33
0
13331
72151
0
409777
8421
186
14
93901
2398
254
0
213
0
123424
11
576
123731
45147
0
0
0
10
528387
0
10984
207
0
21
3
0
67
77
4
0
3308
12835
0
1272
0
17355
78702
194218
0
10524
0
0
0
502
0
14704
164497
4500
0
145963
0
290066
9
30286
16
650
1474
62889
0
108723
23822
108629
0
4624
0
0
0
453414
9919
0
158
0
0
459662
9
16325
82
11538
0
17
236885
60481
22
3
159
435488
13
106
0
0
2448
0
4
16
0
0
492
0
0
2693
0
35
574779
9428
49
413683
0
8
9814
1
4
31
6
0
0
0
0
0
0
0
243
3
4303
145311
829
0
2844
2191
6536
455002
69
0
0
1
35204
8818
0
0
0
459
97831
194364
8
14
52950
0
0
1156
0
74933
83731
216
448239
0
0
0
0
0
1181
0
15
58317
0
3753
0
0
4248
79634
0
50
3848
737
0
0
2089
0
78
14
13
0
0
0
3
1
274
0
10583
0
0
1087
37120
0
15
18
29874
0
2
3162
3
0
184092
63135
17
3
766
0
94883
0
201
30610
10150
63351
5780
5
8615
143515
459
113028
0
16
337281
0
0
1830
8
98077
7952
0
6
0
11
124688
736
88176
0
20
10
7796
0
0
0
0
702
6089
402756
0
24
20894
53977
55
666
14830
57
0
0
638
15353
0
0
40373
0
38
15611
4
0
637
172
0
230
18
0
118107
14
517
312
303290
414
0
3959
0
6851
27
11
196
3831
24720
0
0
0
5787
82
12297
6
85
375
36
14901
0
193
4
0
17
13
5
0
13
5139
9562
0
0
0
49337
0
0
0
0
63060
3830
35838
0
5
56
0
0
19702
30003
188
10
0
0
0
0
0
240
39
93
5928
0
2070
95934
9183
0
49
0
583700
0
0
1653
2944
554
9
244270
2673
0
0
214309
16044
20105
0
0
0
0
54
20343
0
0
90838
0
50970
17329
2
0
0
174
1655
36273
53323
1051
36925
53356
143861
636
475563
0
0
194
4426
0
24916
270
768
32439
18386
0
21
0
22923
696
0
383
2052
15272
549
0
77986
5799
121598
608
58752
622
1974
100481
23
0
2
157497
192
73868
0
21
0
0
0
19287
1
289
0
156
0
16373
0
57
2
40
1149
407
82036
514897
0
18790
120044
0
11143
6
0
13627
1431
51
5
278814
1126
61
1011
163450
135718
475932
9
0
795
3071
0
248454
15181
6
16
263
25
0
0
1193
4
477
0
107862
86
0
16735
0
414351
783
0
2337
1910
40204
13
42932
0
549
25392
0
5509
0
223751
0
46
126
0
0
64357
722
13513
3499
489736
15
33
0
13048
121232
0
39
19
3579
3539
0
257440
1874
0
33023
456
0
39
37
4636
0
0
0
7
9
0
940
0
37
0
0
8173
82605
191
22062
0
549
97968
0
26920
3936
19
0
2
1344
15
20608
0
0
118
0
8144
0
36058
30
15
0
25
0
471343
378813
1983
1877
29999
0
21737
218367
399
128129
1863
2477
0
22
3818
0
140820
50828
21
0
443247
13213
32
10
69940
7791
235245
63
3
0
0
0
0
0
9
0
0
0
0
3645
0
70
0
21
0
20122
0
0
36581
199129
25505
514059
0
0
69948
0
0
23579
2535
9110
1668
0
11844
13
2867
36318
0
317875
0
49
990
2
50
0
16356
0
0
0
0
88
4
768
16055
215233
182756
0
85
165
42328
0
6
7203
2
4738
0
0
27
427
0
251738
6194
86657
27681
311210
0
5
403
661
40
0
2162
0
6
384
6
160069
108901
195587
0
0
0
128
45708
60364
0
15007
183457
25590
356
5
0
6217
1
14
0
10772
44
12
2
0
7501
0
105877
0
100
1620
65364
89918
0
0
9
0
0
339554
0
799
232
0
219040
57745
3
0
15323
4849
350822
0
78184
67
324
30
0
128451
27049
0
6635
6
0
56
4
844
157771
2080
17664
0
15
763
0
0
0
12
0
54043
1515
180778
0
16284
38153
6735
3
0
439
42
28351
16042
100
0
1738
7745
8
388791
156
0
7
40
15882
0
0
3
57427
21
0
0
0
12161
117851
0
0
9
31
5
60743
8508
0
0
0
360003
0
125992
0
0
0
0
2
5
0
0
25679
0
408977
11695
0
0
0
6573
52225
0
358401
0
25
26960
0
7
499
4340
73
0
0
0
131663
55687
0
57
362067
14840
25823
434774
545822
0
0
0
141798
7
0
22557
4876
0
0
1587
40
10577
45279
170
114439
0
0
0
527
422683
151
0
3
18938
2532
0
317
45
45919
1457
5
91482
0
173417
0
9
29
0
0
0
0
26129
33804
219537
0
398402
34756
0
0
0
356238
15029
1237
13050
0
362203
0
25972
28
53337
39086
2
18
285
106
441903
17538
606
0
726
71
41
221
25507
94
0
2
0
30801
8
0
70032
5493
1707
9953
0
32909
2
0
16
1003
16914
0
39966
2
0
2
1048
317
0
0
0
122087
89
16
0
0
0
3353
571
3
7
3
1136
0
0
0
292071
5
43
265
0
644988
307
0
56
75268
0
63229
7323
93
0
0
841
63270
65706
0
67
3130
101926
5
74
0
36
88
4301
283623
40496
0
126387
142
5
0
2007
22008
0
43565
4
3
0
0
0
14
0
263
306
94
481074
33
0
0
4026
153
0
78974
78918
47495
41961
24016
20620
24531
16419
0
0
4285
0
530414
161
1373
435
187263
68
0
94129
45
142695
0
20
0
304176
1
13
0
525290
0
0
52879
14647
0
2
410
9852
9
6565
0
0
231476
0
0
32229
0
0
137
56986
0
92675
435
25
2676
168
4438
18419
782
19945
0
219601
0
110
0
114765
430121
0
0
160783
143
0
0
21
0
39
21184
5
2320
0
93543
0
0
0
0
76515
811
179
35
16
51
29138
12168
0
0
0
186
14
27
2317
4602
12277
0
52
7683
171
75910
0
94
86
51
52
42
0
0
0
0
0
312494
171808
41
0
0
0
0
394457
112107
0
0
2
208275
0
26020
5021
303
0
10506
7399
0
0
172037
0
2
138
0
2836
0
0
335
0
12699
0
0
2
0
0
0
531
49
0
259367
0
4372
75305
7
0
15805
0
0
2884
820
24
0
0
78405
0
0
0
28187
16658
0
0
0
7
19
47
0
194272
9
45711
71310
4588
63
0
42098
22472
52
44807
136456
0
16
11305
0
218
0
0
9650
232
26769
32983
0
1123
0
0
0
91057
20491
282365
4653
0
39
52515
1180
1431
12
101
34688
0
0
0
0
0
187301
0
27
9
20000
267643
0
105
17426
247390
0
372259
0
726
2643
4900
33606
16508
0
0
39
23
25
0
238
72660
0
177746
0
22305
112017
55809
329
0
40421
30741
0
69
0
0
23
2
0
83001
124779
29
0
0
0
99
3
0
0
0
63106
0
16
3
0
3568
0
3
0
73251
169622
1
100956
0
0
0
35935
0
622
0
0
0
3418
1859
3277
0
51000
12
31330
166873
56
102
44
17
5136
3407
35220
0
43
10299
0
0
0
19
0
3953
0
0
27670
146
2
136916
1500
70314
12394
190515
941
255
0
0
1406
0
9529
0
0
0
6166
671
11
451492
529312
387
0
135507
1356
0
0
25521
0
0
8324
21240
0
320
105665
79335
62
0
0
0
0
0
6
0
586240
2066
0
0
1315
400
465
0
0
0
18910
23
74
1
0
0
0
6889
2379
383
0
94762
0
10
9
904
105
0
81
0
0
424
4
8
10365
0
0
0
7096
7
5902
0
0
84
9
482
295
1
0
0
0
17
902
16874
0
0
2077
14087
3
3
2
24
4
0
539
31
10
27
89963
18020
5
2
0
0
0
0
0
47227
22532
109
19912
1904
370
3535
93
6184
2743
55158
1829
0
1181
8
4
8
1
184
0
180713
0
5
72371
571
0
533
2
0
239
49646
3
48035
321712
477347
44810
0
1067
15
178
0
0
0
0
11
2182
0
0
0
0
42547
0
93742
8
128
0
0
163958
0
10313
447109
4
3
522482
0
0
0
230556
0
1419
2274
55790
0
4
434
23
106671
0
0
0
238721
0
0
258162
12555
82
2
3069
1486
0
2
2
27215
0
159
63245
0
10620
30
2511
10
112
82371
692
0
0
1421
537
24112
26718
52
4155
0
0
30654
166
130
8984
1281
4001
10
3644
0
0
567
8
0
3919
4629
242864
196009
349
152
524798
27582
458
226161
306839
0
0
40
0
0
0
3567
144847
90532
1580
13256
15
14439
1197
0
0
2
9771
0
71873
4845
0
2636
4
18538
66035
1633
4
0
80180
0
24455
0
479
63
130
878
2
0
18
0
628164
34
58218
1
164712
3
4
0
263
19940
486861
30
1329
10
2498
0
18666
481851
244
9820
0
0
0
19
409883
44200
13797
500519
374
0
125152
142
0
0
0
9
6616
0
0
55130
35807
0
0
108
3
1843
870
1
48
212
0
400598
0
53457
80
507158
55
28399
4253
56
344663
16
59
0
8353
213548
327
26389
17906
297578
0
5791
43564
0
0
2778
46
893
0
20
0
8565
7
17623
119445
178220
0
112694
0
1051
0
96
111033
6088
0
0
71
0
0
0
22016
13528
19
16
30737
7
579
0
5
0
0
0
8966
53
2
0
10
334
494836
54985
62768
309742
0
0
22
331158
0
179508
10678
0
641
394
13063
21
87467
0
0
0
3
543430
0
0
18
3
5286
3682
0
44
570
16556
1207
112
0
0
2
3635
74239
0
0
476568
11
15234
0
0
136826
4504
15225
4809
16
0
50838
0
6140
0
14
88
11
7254
547700
0
0
1521
0
0
25226
0
73923
0
634018
0
131600
295
420793
4565
42
2
133664
0
18947
33
126772
0
351540
67
211
497605
57
69372
902
13
45
125
0
0
64757
2
10322
0
42
7784
20
5
0
0
0
0
0
0
107398
61319
0
0
159
318954
3
1172
0
6
9
20
804
0
8
4
117
0
9
752
89
0
0
0
0
0
25541
43
0
2077
85276
50782
0
0
85077
3182
0
0
104537
3
0
251
55340
458428
0
15532
0
13241
37198
2492
2211
22
117
3707
1218
0
8
4047
0
0
23
2543
35
274
111
532
0
448
30287
0
108990
0
0
0
0
21915
53111
30279
0
143
14
2
15
289
2645
0
0
0
1878
430
220690
0
34213
330009
186773
20
14
382647
0
24284
0
0
0
728
0
0
980
372854
5819
94165
0
0
0
0
0
4
163988
11993
166175
136861
0
41797
5
134088
0
12749
0
33104
15794
26561
14869
2
28
30814
66
73
19
2119
0
0
0
189448
19
417
2806
0
64
0
1763
3
2294
0
0
0
11775
0
84666
151761
0
0
0
83535
51
0
0
30172
4047
14
62565
0
53900
0
0
3380
5420
45617
66214
135
76
0
91
0
376443
48760
69
0
0
0
69873
2927
159
4
39
0
10
0
253624
104
22832
10364
93
977
761
55
0
295183
18
0
64864
1242
21
421144
24218
0
0
119092
96698
0
0
3568
0
0
0
0
0
10182
0
2879
5
10
3354
4
7453
0
0
271905
138
48
0
0
0
66550
182
256
0
166799
0
117505
405190
660
0
262825
3
0
0
0
945
124217
7
0
30
38
0
0
0
35513
38
0
8
1551
78
32
140791
0
78
0
18
0
7741
0
0
28186
0
819
12928
0
0
0
29671
14902
1
370595
0
296
0
0
0
54
897
56
197
3360
9
0
210
37
0
419481
0
29
479
3107
5
0
0
0
0
7644
1068
71
7555
0
0
0
375046
25
43
129227
0
0
0
0
0
6
0
16476
505832
0
2023
3241
0
8
15224
7667
462
0
0
14882
0
367719
0
107
0
32
0
0
0
0
0
0
4448
20209
61
0
34
153321
798
487039
0
11526
169406
634
1100
496690
4
0
14385
244
435047
48567
0
13
238
1088
0
6
0
296
13
25
1729
10004
0
218
0
329
111
296
239
8
0
8126
0
0
1100
7430
167191
33655
170196
2013
0
0
31033
273610
0
0
6330
0
0
0
807
505560
0
50
515409
2727
0
19
0
60201
0
0
0
0
5
45
2872
5896
26
0
0
66
77
14
523434
249016
421
18090
5
63
125
4
1594
0
93184
0
21
21480
0
3439
21
3
221
20
0
0
0
69516
31370
22
0
32
7097
168
145006
375113
0
0
75
4
0
1145
0
2
22
0
172351
401253
7828
369
17062
0
0
1024
7
60
118077
4
4
56
0
4
77
0
24874
405884
1
49
0
0
703
8
1775
41337
282164
0
17
0
56465
86459
0
109523
0
103312
0
234
50886
24808
4111
3
0
187616
6
1225
29
8294
3363
67
9
2596
0
34
25
3
80265
0
5546
0
0
200
2142
0
198988
0
0
22811
0
0
227278
453700
0
0
35580
512091
162251
0
4
15
0
50
0
0
0
10
0
13329
10043
122926
0
16
127
39085
391
0
0
434
52637
9
3
0
2438
2663
34501
0
0
0
0
0
872
0
176103
3140
76
0
102481
63918
229139
50
398365
0
117785
240
4177
14890
60864
42
30669
1266
0
0
0
0
0
5442
0
54338
9752
5
4733
0
51229
64
0
0
3
2
327494
26
17
0
0
12215
0
121
49908
150624
480
0
468255
4713
13
11
1551
0
39394
0
0
34
1659
5600
35
1526
2528
57
38
0
9986
0
5696
1
7
27895
6
0
16697
4
705
35
0
0
26
259842
69
241752
0
0
0
23
5
58437
0
5267
107530
75751
4765
55
78417
0
12569
1
33
173486
108103
0
183437
86
0
68
344
20
131450
0
0
643895
3
16
67885
6305
0
26
0
0
0
2831
133
2
4222
211849
646
220904
4
0
134
850
0
0
76889
86
5314
157797
9
1
0
537
176704
3085
0
11
676
0
0
15568
0
2507
12406
30
143757
162762
0
43
12
134
730
534483
16124
476506
2803
4422
130651
0
59771
0
92
907
20
32348
448490
5
0
1
494220
990
0
82874
0
39
8
24888
0
21889
144466
0
0
9498
5390
0
76
0
371694
0
26976
74
0
16134
22
2
2094
788
0
55848
0
166958
0
5
80
2863
0
4157
1960
15243
403
0
1
0
0
2
25265
8
2266
564255
0
0
7538
262981
144968
138850
0
638
0
191354
0
14189
70
1201
0
0
1928
422711
0
77052
22782
28008
0
0
0
47
4854
32
0
0
69196
0
0
26218
4
3761
66
6423
23563
156
0
0
308115
0
279
4998
212
1172
0
0
76
0
123
14307
36
79019
7
6816
24
0
0
0
72220
25942
0
0
0
0
0
40578
4
297329
1928
51
0
37
776
8027
89
9
7773
127358
2828
13625
0
0
0
0
33302
72047
0
54353
0
85
29
0
0
0
0
13
7137
0
145405
107337
1
18
0
197388
0
11
3
0
120
9530
8415
0
66
0
27
460227
0
3
349
197
2
29
0
11060
43511
0
0
0
0
0
196557
0
0
188
0
308665
3687
117
1351
0
0
0
0
0
84
37
3268
1
0
72
5
2836
0
0
182164
11930
70
465743
16789
261149
10728
63
0
17517
207
0
56817
16
0
5
4
0
812
1711
18
0
22
1732
1424
52185
0
291889
0
54
4705
45728
0
5
950
743
0
0
32640
8
3206
0
9
0
164373
370
27321
84
24842
34
373408
6
4
10
6960
0
0
299596
18648
353
0
205
0
4
10
17
67
1890
0
0
0
143380
265391
194397
0
8671
57
62409
0
31209
3525
6
0
0
80232
63296
16820
0
0
1
17321
0
158821
779
258496
0
249893
92213
137253
221
0
0
2112
149
0
0
0
0
0
146
0
0
0
0
172
0
9800
0
23335
144387
32495
70
245976
0
4
23826
0
0
55822
10
2
0
0
64
21761
13704
17716
8025
0
2
115
2
99641
668
0
0
0
0
0
0
3
20
7
730
0
0
3
79892
58
19
251
111216
20636
4
0
0
40735
20066
74
53108
0
8
17639
143782
0
0
5080
11
24981
0
58
3
20332
0
0
89
0
44193
20
0
469510
69
9969
6
0
145230
90973
16
2
5
0
0
2
41794
0
0
198
249120
3807
2067
1367
1540
0
5
50
8154
11
320
6
63
929
0
157695
12027
71720
555791
0
82
191
0
0
0
0
0
0
0
53
0
0
178752
224
138
3203
472
0
98418
629
74165
12
0
16678
254921
51
451
0
96197
0
23
0
14
146908
2
296
1
0
0
438428
0
16174
0
1561
277
139572
47
0
81
43
0
13
359804
12
2
0
159647
30915
0
0
0
322040
26079
24
707
4
0
105
523
0
149884
141390
2
0
0
0
0
137114
99391
394395
98204
0
319655
49487
0
421
123555
0
0
947
89295
0
219478
356111
13
51
47
18026
216225
5939
0
0
0
156768
94906
28
18
225
0
6
0
0
21
0
0
0
0
113398
14
11401
84334
0
0
0
0
86930
29
0
0
4
134
0
0
1
81789
0
419
448
2735
15
1974
23647
30254
810
0
0
0
0
290
51
0
3
140830
0
12
14
1509
18
0
902
12702
2217
0
0
203724
5180
0
4112
28032
101987
510
0
0
0
0
0
15
32124
4015
4629
1280
239124
0
41303
1415
3
1766
0
60
9
0
0
31
7
0
0
880
122829
0
0
0
0
470594
561
0
37015
0
294
4997
1688
0
700
0
0
0
1056
782
0
0
0
0
0
24
107280
0
104354
0
7670
137742
19
0
14955
351123
121317
7
27
44
39
0
0
0
0
9
1632
332487
0
523
3
52
0
171
79
87
0
184
0
69655
100990
27
133920
115139
0
16926
8
240663
0
371
468
0
77698
6
7
0
6
0
0
62160
167522
60201
0
24933
287195
298019
5
2
1397
7
5
0
28277
0
74496
134
4082
0
7878
0
101180
155156
762
0
1
1064
0
4
819
11559
80846
1
123928
29
0
0
1123
0
2511
483
10202
0
10212
0
0
0
18887
3211
4077
119244
47745
0
111
0
268
105
0
0
7929
5
0
0
60176
0
6
18671
93925
51
0
6989
6817
4918
618
0
0
0
0
128403
24
0
6
11135
356
0
0
8
2
156979
2422
10810
63929
1167
0
99
0
7225
0
51
11
0
289
0
2226
0
175
0
525
733
9
0
0
468
1196
21
138432
0
331073
5851
15419
0
443
180449
574082
51862
6
272
0
6118
82
20955
23932
0
7648
8066
7524
10
34
9990
145065
0
0
315
90
104325
137
44227
1624
18672
121
2154
0
42759
0
106234
70
18598
3
4
0
0
0
545388
150
2122
0
49
0
1469
51
19184
23
4255
0
30325
6198
9
0
0
1614
29
28125
0
0
104653
0
0
1562
0
36979
0
79803
8107
0
0
0
0
186
397
16127
71
1476
0
10586
15
33594
86753
0
11
199
1341
372
0
1313
0
184
2466
269
1090
0
0
67451
0
0
15186
178803
0
0
254
9290
762
9
0
21145
8
8722
11203
0
0
50890
149816
10361
0
108836
470120
22
129767
597262
0
0
23
2
460
52
0
1
4
19596
0
10
73353
2
26809
2
4456
0
26353
0
1031
0
0
3676
162186
73537
0
8
81
36614
7437
13
0
7
1342
44
0
41
0
71
1161
0
315303
326468
458728
11346
115
0
97
0
0
0
435358
499876
282299
0
0
608316
0
0
2
1134
302018
0
0
0
3382
524
5870
115
0
9251
98
146
1
28647
75517
0
0
0
0
0
111885
0
0
0
2666
224422
150177
1124
0
11771
0
7
18491
24
12633
1287
52
0
0
0
140265
0
0
231002
7589
30692
44444
62375
80
0
0
0
39
1329
0
58347
387778
4
43890
484
0
17978
0
112382
16375
0
0
0
7
3203
37
0
23
4
36
15
0
373
0
7306
18092
0
4198
343
9
0
0
409478
5798
0
38936
2440
10
34
3
57
12
3
37328
0
0
142786
0
0
46
7695
0
45
0
4919
1980
84466
1461
55
0
27483
0
77759
0
3452
0
744
6915
0
2
24
162
0
37
7012
0
0
1250
77
68
15083
0
0
2965
56
0
0
12
0
0
0
0
0
0
13343
338069
0
368334
0
1607
2466
0
38173
0
34
0
0
0
0
15064
111
599
104989
2
0
0
0
53
19371
357669
10748
4
3176
172
0
2337
81879
29
0
131
1536
0
4
1310
120
89347
535030
16326
0
0
187251
15
548
0
1353
198437
4293
9
0
0
0
23
0
0
549
166
320957
3510
89
0
39092
220
1510
3271
12
0
1924
5
0
10642
198240
0
21731
74
19
0
60380
322753
187206
133121
2
0
0
0
410
0
443
0
417
0
1668
0
0
34287
0
306381
38052
53
158
0
0
0
0
575823
0
0
209
138543
516402
0
505
0
29
12
9937
623756
0
43963
160505
979
945
73938
0
7241
9
36
1608
374
17369
0
0
809
0
52
9757
0
1132
2476
171
37793
243701
0
0
126799
62
183335
0
0
0
797
45407
0
0
0
0
4841
2755
315704
148585
0
0
0
36945
0
2489
7
0
48392
5
10
141
0
153
0
0
0
4557
131
6
262364
107
0
36208
362875
0
0
56
0
39067
0
43
21353
503
52
45
58
23
0
0
19866
7770
0
0
376
2
11
0
0
39
6804
493084
383195
0
4
16
0
133
1387
0
0
127915
18709
0
78519
80205
72
237413
177
82477
0
21
172
18
209
629
0
0
0
130
229188
25
0
6
0
5466
23039
0
326411
0
0
69597
0
148564
0
0
37
33245
295
536879
160
0
0
0
0
16961
97
3006
470
6494
6
6292
249
430673
3
5
0
0
33
2348
49848
0
416982
0
6706
60650
0
0
62167
20446
7
324094
2236
961
0
15
115168
243543
0
11
0
0
204424
0
4867
1740
86777
0
0
7
2
33929
2
79466
1634
0
0
0
127938
281047
75520
8541
12216
0
0
359
18217
37
3160
0
0
61284
0
0
33220
49701
1073
2
21592
57460
0
57306
2
1055
0
24109
5992
0
45238
0
21509
1896
0
0
0
205664
38753
0
0
301195
0
18
13
0
1249
0
94162
0
44852
0
24
0
0
130
433892
875
0
115
0
4
20
9964
0
78756
110972
119802
0
0
20
4
0
5
0
37
244304
0
0
0
1
0
98323
0
47489
521379
40
20
0
1615
2764
42048
919
13170
85
0
438166
7
3180
0
524
0
382955
286731
0
75
0
26594
0
230
0
357773
236
856
0
62282
0
104654
0
694
2360
9292
350
3
55799
0
0
0
321483
0
36129
0
0
270808
113
0
72730
0
4056
70767
5154
79862
5
44519
18578
10383
0
63
0
0
0
82
0
0
34382
0
9
8657
5027
0
88551
44506
87497
0
0
7264
0
4754
0
90
2363
48
0
108703
1
7258
838
0
192569
34
317
10331
0
0
0
212763
0
56510
0
7
0
5
651862
26
0
0
0
15
401722
0
0
6
542095
23024
30750
0
0
0
143385
34
0
0
0
78
4
41
0
135517
0
0
3503
187443
0
0
916
99499
25
0
28013
0
55
35256
75
34
202
25106
0
0
5
0
2216
0
10
4
0
17
230631
5640
0
4
20
0
978
27965
0
200968
505628
190
95233
0
5
15701
0
0
57
0
244
9
30
7714
695
33354
67
0
594
4
5
0
0
0
2740
0
40948
10
0
54899
0
219389
0
317
39
0
0
52852
0
523918
486204
17491
21
15
1796
5281
29
159375
173
8
28
0
0
3
503321
16
232
0
59280
0
0
0
77
105178
78427
113312
30
351
0
0
0
6858
1037
0
3229
0
4
5
0
0
188320
0
173
54514
57
0
0
0
0
0
317176
113
2077
82338
680
0
0
2
0
185650
7
255525
6675
462
762
0
0
30
3906
0
27
17
3
34622
0
55331
0
44311
10899
95483
50099
168
0
29
23
122
56932
1756
55198
2
0
0
8
120735
311500
2
0
0
3
41194
0
16863
680
258145
238919
0
0
0
209132
60707
0
6956
232683
0
0
0
628030
6
129
0
23145
0
0
2354
6433
54506
28488
559
4724
27
0
0
124
3
0
0
11
8765
5
401709
0
1
26474
432934
16649
0
0
44861
48274
3237
36374
432013
0
292
1
100370
688
6364
0
0
0
0
64
0
8700
318800
44657
271
20354
0
25666
33
725
0
3
21623
1
0
0
0
4098
13
551
0
805
0
0
0
1905
1379
0
77188
512
184
0
1225
0
34294
9478
0
0
69371
448424
0
262024
167472
71
3016
42425
0
11
0
0
390833
2325
0
20589
76
0
43
86
424
4
6
2
0
3887
14
0
6072
6
0
0
0
20
56344
0
0
0
0
307
5
1133
0
1224
4787
7
0
19857
58
0
5
9
328080
3
13755
8
23227
0
30792
746
5
898
0
378459
53
27769
476299
578934
34
1132
185179
22585
4
523467
0
102
0
3
6394
0
3
154
9675
24
974
0
10
35
10
6686
219370
2314
48
0
0
0
45099
0
2
1367
0
0
11641
60656
0
62361
53487
258022
608
0
0
0
0
1129
50
309
2179
136433
8
0
0
0
9746
0
273
3414
0
0
3006
47
0
0
1396
0
7604
262616
5281
8284
109834
0
11182
0
0
13
0
0
4542
404486
322124
2169
35
0
0
30886
3200
3
1138
20
172037
0
165
410
4268
38
12496
0
85599
2236
48852
96
0
0
3
0
11304
38817
18
0
2
0
0
4
29040
4
1
23758
14481
37663
0
45167
2377
229230
0
310
3
2178
73765
0
0
0
7584
2342
19
4
0
0
15317
7549
705
72
23
18
10
1810
0
84
6689
0
0
42577
0
0
440
0
43027
176874
79
3210
0
0
0
19952
0
115
4
0
34294
14397
51586
15958
361
2554
0
4183
1282
0
0
175199
0
0
2
0
0
0
50
11953
0
290305
2062
0
238
5
33
285
58365
0
0
96
27826
0
36320
6322
0
865
88680
140128
0
0
0
0
0
12
32
0
0
0
114420
539
3
409
4825
0
426487
21125
26
0
89
0
280483
11
1650
88
1633
0
0
7137
14895
296
15
0
3
5292
0
55422
115
3
11685
0
62
49855
40527
0
0
0
0
0
0
0
262445
0
18439
13142
147538
24
48307
5189
3
3
145112
2
13
0
12
0
0
0
145544
195
16
0
51414
90
7181
39
0
0
3656
10437
0
10
225905
0
3360
0
293582
2
150
183843
0
2
119
0
56608
37
0
2
0
107196
0
0
0
0
0
33
3
0
154946
148801
51117
87672
0
27874
5
53
0
133
13
577901
5216
0
1000
10
12
0
0
10
3
29
0
11954
0
0
0
2268
9523
0
107193
0
1166
141
0
0
32
30368
124561
2485
0
74
985
0
991
66
244
678
25
0
431
0
0
2217
62
83478
93
59
0
0
0
4
104
13
0
0
0
14
3418
6
8237
341373
3007
61808
3
3
1415
2
49137
5629
43055
0
0
0
6
0
0
6
8701
26334
0
291854
43
0
0
144838
3382
0
2828
23
2
249747
40
977
0
24261
2
263
0
0
9273
278
30938
234887
0
0
112
18858
647039
15424
0
183
7
8138
4607
40
303261
0
0
261599
0
0
142
0
91
5800
62
0
824
26
120
68588
299035
0
0
0
24
44
148622
27268
2473
0
0
2
12
128714
0
0
1955
929
175
0
0
0
0
0
6399
0
1192
0
29806
785
0
593781
55
50
0
0
5175
6
661
7906
0
1174
80381
783
117
5
38321
0
0
0
293057
11
12
7
6120
0
0
429577
844
77464
11699
52
44
40
0
43505
0
0
6199
161
0
535163
0
15
27
408569
358
0
0
0
0
20892
2
2
3201
24499
13137
0
0
59
1361
0
173468
116
98
519152
3
0
37
4
293
0
58852
297518
0
60830
2949
8502
70
2
61
81586
605
51027
1
4660
173021
6
72894
93560
20995
12512
0
32640
0
53
0
117224
32
173853
1969
61223
8
0
120080
1109
15447
0
29898
0
359718
319859
28
15
21
3990
24
0
20657
0
11944
0
0
555424
53459
0
0
44852
8
435381
8552
221865
0
9908
118428
17287
0
2
84
207374
137
39
0
0
0
881
0
1
29506
435849
54
335243
0
0
174708
9864
494
0
289
235058
95856
0
0
430
10
88710
193454
0
0
214620
0
212237
3566
0
0
16
97
2890
0
2025
0
0
517037
0
232104
3123
1153
109686
321821
0
0
4475
6
0
0
0
31806
503068
279960
0
124542
0
59
5
3
0
0
1915
0
4549
0
2
16
0
0
0
0
0
3
3402
40
0
78335
56
1364
0
0
4479
0
0
85428
428155
553
0
0
242
222867
43
56
1770
0
5
14953
797
107
114823
197272
22
243
0
212331
191
0
0
62
0
7548
17794
0
350501
0
157
6
0
11
18303
0
26
0
0
1088
0
9343
2876
6
157
2190
0
9
18658
243605
0
0
419
173164
34783
74102
0
0
0
0
560
0
19030
3878
0
520631
7108
8061
0
23418
95703
291
5
5
25
64757
25299
40
27981
0
257282
0
75204
27
85235
0
0
0
18
26323
1405
0
0
64870
0
6
0
0
2502
0
0
464
45769
62515
0
74693
0
15450
18609
0
0
5
12638
11408
0
27
0
0
168466
2936
0
950
0
0
0
0
0
33
0
137
3725
26302
141930
204
514030
0
151
0
0
6565
19419
0
0
44
0
2687
13719
5922
1
47
12
515014
239
1301
178
0
57960
128379
34184
0
0
0
0
19597
384
161580
65
7
117
9
307
3275
22981
5108
0
0
0
0
325397
0
229899
0
66
272748
0
0
526
0
116
0
30
7
0
0
226
30
1567
344323
0
29
645
1959
0
8
49564
0
0
0
0
73060
1
0
74
1207
5
13
36871
53
381871
77770
0
0
0
1949
20
30937
5109
0
18241
0
32
533927
52566
0
0
272460
0
0
7974
349877
0
0
33
396025
0
0
0
92
733
0
0
20
268
0
0
14067
57269
0
68773
40
557052
20
2
0
667
0
0
228932
24191
4
11516
0
13
3666
152575
120623
71610
0
5501
48
0
0
0
0
14845
84289
200
0
31
7
0
80246
75341
47355
1113
22
140
33
0
19873
1230
0
190813
159
0
0
2
3
50
4134
128037
18519
0
0
0
0
4205
0
16197
0
1
363541
144627
504092
0
75
758
2
0
17
165993
15
0
32
125767
104383
7496
67
394683
0
17
4
0
319636
92
55
35
604226
0
0
45
4
457
0
166825
0
0
0
0
0
48
5843
0
59
149020
53
49920
0
0
312
192
18095
12
53595
0
0
0
0
8
43381
29882
156706
19
19034
0
43876
264486
14
12733
52739
568031
33096
0
15454
128945
2
562
148
4881
0
0
0
0
300
183730
78633
235046
0
0
123371
45790
56
4148
0
6
0
342106
0
299817
202488
82981
0
22321
23941
2349
146049
30
29
67458
2176
0
129898
2
2463
24734
2
2950
69909
2279
296307
74212
0
0
0
76350
19221
6455
119113
30265
26520
93584
2755
11580
0
8565
315
0
6
2
0
76
211
0
109465
403576
22678
39
67820
309
15
22284
0
0
10
74
0
0
0
20583
0
0
52
2046
0
14183
0
2
0
0
2
0
250727
6233
54296
607
6199
0
40935
0
0
0
0
5763
21
187
0
0
0
1061
7626
83377
547
0
0
1414
101457
32653
0
2
228
545
49933
0
0
0
5205
1978
65
16
0
28240
2074
789
2709
10
2
6
1945
3
6
60250
0
0
0
3750
0
41
44729
7
0
129946
0
0
5
86972
18
1036
3010
4
27
327
5860
12
0
0
0
220108
44032
93547
4
72
6
7
38
687
0
40219
147190
0
0
0
49850
663
179
34
0
0
67292
204359
40
0
1541
0
568
5
595959
57
53
80
112015
667
44337
4758
3
0
78
26951
0
11
26
403539
0
0
2601
47929
162404
830
236
268637
0
2
575
36
0
0
0
18
2
0
60
9
22
49609
45584
41634
194735
0
78
44
160427
0
178073
0
104230
395792
0
16
56
343437
6
8
10983
16
98
0
14191
7495
0
0
22
56188
0
872
7
0
6
305390
0
786
8
18
3971
2008
301437
9059
26
5617
0
0
50
258
60
89716
59785
64975
6
8
36
0
0
24
10
0
85
12723
0
104
6
0
0
0
66875
2
0
2
0
11032
0
0
2128
4
7
396
0
854
0
476868
0
363
0
345
0
364
64580
5701
1203
69151
7
2
0
133
0
0
12
0
7335
0
0
0
339413
4
283610
59621
0
1
109
0
30194
11812
0
0
22636
779
1436
842
0
0
16
7
9
91686
0
0
31
0
3505
156021
82
74388
0
21
90
1870
0
1
12429
8787
240141
0
0
9153
0
0
0
6
0
7
49786
81537
1376
88
0
8313
0
133093
0
120599
26619
12
0
0
0
0
0
0
365161
51408
0
14764
159786
31708
402
40
29
0
0
1
2
2270
1313
0
149
152741
249729
48925
52851
342164
18
1
4254
0
0
0
0
4
1526
9
839
217607
12
2
1208
0
0
27
36
6
0
69
736
0
0
0
0
288504
84
3090
2323
0
3
18372
531485
6
27864
20
0
0
0
0
0
0
191
552440
0
0
0
38093
42
924
886
71818
168104
0
292
2
76
0
429659
65302
62
31182
0
1494
37353
7
220
25
26532
0
15
0
28
2903
2
113
8
1072
59
2
2
0
0
276200
0
22
6699
0
0
0
5840
10
321847
0
6
186731
824
786
14
9
13990
6
141
0
0
0
24
681
0
0
0
7612
31
20844
0
0
13
0
42389
89738
59503
47847
251896
0
38251
63
22047
0
0
87931
5
48618
434470
38163
0
28044
4
64547
285299
137
36688
45430
0
6729
22
0
40
0
7
274
0
356871
132848
14
0
0
0
289318
263817
1493
0
0
509237
163
0
277767
48
0
1251
0
0
869
156998
5
19
490369
60892
210555
2954
0
1500
30
33909
414
0
369
0
4
0
76925
0
6
2862
18497
0
0
194705
22348
0
0
441793
2
523629
851
639773
0
0
0
663
0
0
7
314217
0
1423
79
4
10516
1061
182
469
6718
0
464
62
12792
1885
0
21830
16
39
48543
0
15987
11512
10
131028
0
190695
8
9
0
120786
0
463
1393
0
1094
0
13594
1574
0
0
0
20007
4946
31
63
35
33934
102
0
60571
31051
0
73
260325
2
26121
518304
393
0
17765
0
0
0
4
418036
0
0
27
1830
69564
0
11280
0
0
77708
6258
0
543263
0
0
2
0
0
33876
206
22938
10192
14
0
16835
88554
25
1237
26
47
0
91
0
347
63
21553
59781
0
1411
336
598242
2
1749
8931
4
26166
81634
0
0
75
153377
279
0
0
1863
0
173
16
186
1308
116842
4012
152439
4210
0
370906
5821
22
236
10
11
306219
6088
852
0
15605
0
0
7171
0
0
0
0
0
585287
499
15974
0
66945
234
40095
48
37096
0
1177
0
50
2977
0
53
0
0
136325
0
0
4638
278
31
2
10
5404
0
0
4896
2
0
19247
0
0
2258
2368
3539
28878
17
20
11
0
0
52287
3757
0
0
17
0
0
15
174439
11
36
59077
40756
17
8272
668
118
19643
4435
0
33
20
0
9
13
0
0
396868
71492
54360
170072
0
67562
0
98889
2
380
1
38
0
1
11317
34006
0
1541
4
0
0
13
2
0
2468
0
86222
13130
274096
0
0
0
0
124
88875
58
0
21628
227468
31
0
0
0
0
0
87
0
4251
189
0
0
0
55719
17907
194
0
0
0
1328
103
54
503
38554
5
16726
0
397
498866
45343
2
8285
0
0
382978
387
118888
0
0
0
253787
13
2
0
0
0
424
538
13
371
82
0
38
0
0
11
0
21194
0
30965
181
61
7431
20
0
0
0
0
39
43841
430976
82
0
100314
99268
121
0
159
2
112
33475
4
2
4
0
0
336
0
495057
329
0
0
0
4
8909
157881
0
173
593
34336
0
0
16200
539427
0
0
29
3171
2009
2327
0
0
0
1
1888
140
0
0
8489
47
531921
0
18
34988
114
0
0
0
0
0
70907
26731
0
10157
16034
0
5
13362
58859
0
3566
83441
91
24
43
250920
3
416837
286
323919
18
2153
4298
31
243
0
394
0
0
11
0
21
0
22
0
29
207539
1
39153
7054
186721
113
51572
472
10695
1
26
10790
0
0
6
306206
31786
60
20237
36626
0
288
53543
0
0
0
0
7
3
4
2621
83
122202
196349
10479
0
0
4930
0
0
0
5257
17481
197236
0
442314
22335
1597
441319
164930
50533
30
2
21897
76252
1081
362
0
308
261624
100881
0
0
63
26472
0
0
0
0
0
3
690
31
0
0
731
411028
338009
307563
0
131543
40
0
47921
20177
89
566
16
0
61
0
0
55
7606
0
14363
141666
5
56
0
1664
188401
172
0
48575
79
127
16
4729
79836
5
111899
0
0
3678
0
0
264225
3510
63494
0
7267
0
22713
0
0
155
5122
168599
0
429098
0
7769
0
26
775
11201
494
2
802
19641
24716
5781
21587
0
132
23
0
0
7
3
1904
475334
774
670
131025
56269
11
38403
16
40438
0
8792
33837
253619
113
0
0
0
118857
0
29
1151
0
14133
66
279319
0
0
155391
45
0
0
0
0
163
157416
0
0
29778
25943
0
0
0
0
0
2976
4570
0
79108
247769
28226
11
66
0
74
46
0
10589
0
0
310
171
29634
6
239099
0
0
0
0
203197
104947
0
2
0
0
288
0
0
0
80
47
63
14
48425
954
1963
6
56
6818
0
111898
0
0
287948
272
14798
12
4502
3791
0
33
0
0
3
0
408
0
0
0
0
5700
18901
642
1885
86
52855
2
12895
0
322475
2460
148122
166
1593
0
3
1455
0
25
93
0
2293
483561
14
0
151
1780
44
0
5389
7570
34029
72284
6993
7256
2313
128
0
1655
0
5688
0
0
1871
12979
97
15744
0
63664
10877
274
575
64823
68
0
0
0
0
241293
6365
0
0
0
148210
1294
11399
150373
2414
0
56
230989
0
140140
0
2
446798
0
0
35
0
2
21168
0
159158
0
755
367
3359
1372
4993
0
10
0
0
213337
336
188
4279
0
447149
27541
199932
4431
0
0
117
0
69
60616
11616
0
350
0
0
29806
0
0
18456
0
0
57750
340
193
2339
0
0
0
0
4106
26
1
16197
449
43550
0
0
3882
32433
20531
0
0
236974
30797
0
22930
1492
2
38
1414
0
29053
1321
0
189146
95
210624
0
0
0
586126
15659
3
0
0
9585
83512
0
0
0
132
146
1451
0
0
876
123484
0
25
0
24
23
24023
14970
120599
143732
12
0
158
66
29
11
143
0
369
0
65
0
0
24092
0
0
320406
3
0
0
76087
532
0
204435
12343
586
32068
27269
35824
68
2838
124877
209697
22573
204
1424
28794
8
1950
61883
1854
29927
49919
487
0
0
6098
257832
11528
0
9391
0
2
10
0
241
47798
7
3
8
29221
0
21367
0
55
0
546
0
259899
5817
0
0
506
0
0
0
0
0
0
338076
169772
66966
104
1439
311
0
0
177542
0
0
16103
0
77
239805
7
1927
43566
0
38792
0
375
1711
59
0
0
0
29893
12
44843
7
1518
985
78
8
0
441
46
0
0
0
10
5
138
0
196
57875
121
0
1145
0
132
0
17575
193096
5454
1542
424
30951
0
85
274297
125335
1200
2173
984
14332
0
3
1035
0
0
4
68996
0
199274
1
135848
250
0
0
0
92
17352
121
79352
33
0
1160
369780
563634
299699
0
151614
41
0
0
10829
691
246
164
1
424
44704
2023
1090
0
82871
0
0
2
10902
0
0
40
11
0
2
14
5
0
38
0
78
40
2
314
1087
0
336662
4
7207
62885
38837
1983
17715
2761
0
0
42682
0
230224
0
21
0
0
3
0
0
22487
912
482505
397045
27449
0
59729
0
6
0
0
0
179
14
71624
219499
0
9
0
10517
313
641
1
2
180
1734
82
1963
0
2864
0
0
0
22157
0
0
96912
0
25
11
8858
34251
35
10490
50
49324
1
34095
3
0
0
35810
1961
469169
6
165864
0
29205
360
0
942
27760
0
866
0
6
48
5942
0
0
35
18887
2794
0
151
0
0
0
0
0
185
20821
0
49
50200
145638
128457
18
24672
145
59750
0
2325
0
4012
6008
6
139
104252
224421
56
0
0
541
0
2551
5
49
33935
0
102
0
0
98249
124025
21441
0
0
116
3426
38
350991
0
0
0
137
0
11
7475
505
0
185
8134
0
188
0
4809
0
0
16590
8
26
0
0
315385
137
125491
5365
61202
0
0
34
0
63
68
0
0
0
3430
76725
196631
137256
2995
5700
4
0
0
0
0
9
398
158005
167
0
2034
0
10
0
115
0
234591
2858
731
477104
86
0
0
455017
129449
115
3
95
9350
29
0
0
0
258186
520812
0
0
10519
3
20204
0
19
2600
0
33064
45986
0
497
4
0
0
0
221
27519
0
0
0
69727
154210
22
21417
65978
9
0
13136
0
97237
0
0
21366
16
33
61365
1302
0
23
0
0
0
12
0
242
491989
0
0
0
0
297488
0
0
79088
52181
918
0
0
28677
0
2330
0
0
34902
654
292
46752
237011
1861
20812
0
417
0
33816
0
8506
319367
44747
0
9495
0
0
276086
281589
4155
37434
40126
7794
0
389
0
0
35
0
1637
0
0
0
0
357
222120
127999
0
2
126836
213209
0
0
23
0
57
4
2474
0
8202
45
128
489459
17
441
3886
0
55242
595762
66
0
0
97101
13265
0
69524
72
10
459527
1
162410
0
0
59560
236
0
617
0
0
0
0
593353
104762
6049
0
0
44
7
3662
0
0
82115
0
0
13
18
0
0
408382
0
75536
0
28588
104
0
332978
11
9
20
10
0
3533
0
0
11658
52
273
1388
100005
8
9992
78
0
11897
9611
0
0
0
126
0
5
25926
3770
12
92826
135766
0
0
0
0
147649
124700
4
4339
0
94
11436
36659
307
194
430
601849
49
7
1046
462904
0
0
0
0
0
0
78627
344857
0
64
220
0
2
0
270114
360367
0
6124
13528
114429
306740
0
9485
15
12469
2
0
318
5044
2320
6
48
0
0
0
0
0
84270
11
530
12860
6216
4
5688
443
21231
98313
0
786
13
0
0
0
121478
10900
6
8
0
0
0
352181
22
0
38
792
0
0
0
0
122138
0
10416
1
0
0
79300
0
16
2
40539
30062
1813
23
0
0
44
3
513
0
0
0
33110
0
10315
0
11
126068
116829
73151
532229
4172
0
0
0
2
1090
348
23481
15
318
3538
0
46
6
324745
4381
0
0
0
1337
3
51406
0
6
457365
1331
2436
21
0
2696
0
110676
5796
6592
0
0
185
67833
1824
3862
20
527424
0
400168
43
74278
0
0
6
22506
8385
0
0
123
0
1885
173189
157
0
0
6709
0
33984
48506
0
0
0
